0.000000000000000000e+00 1.000000000000000000e+00
1.000000000000000000e+00 9.998736450873207948e-01
2.000000000000000000e+00 9.996209831566370552e-01
3.000000000000000000e+00 9.992421099670417695e-01
4.000000000000000000e+00 9.987371690815608494e-01
5.000000000000000000e+00 9.981063517764922066e-01
6.000000000000000000e+00 9.973498969206483489e-01
7.000000000000000000e+00 9.964680908246110747e-01
8.000000000000000000e+00 9.954612670601288293e-01
9.000000000000000000e+00 9.943298062498197032e-01
1.000000000000000000e+01 9.930741358273617037e-01
1.100000000000000000e+01 9.916947297683859075e-01
1.200000000000000000e+01 9.901921082923057504e-01
1.300000000000000000e+01 9.885668375353480197e-01
1.400000000000000000e+01 9.868195291950719872e-01
1.500000000000000000e+01 9.849508401466888774e-01
1.600000000000000000e+01 9.829614720315196230e-01
1.700000000000000000e+01 9.808521708179505083e-01
1.800000000000000000e+01 9.786237263352727256e-01
1.900000000000000000e+01 9.762769717808127412e-01
2.000000000000000000e+01 9.738127832007835716e-01
2.100000000000000000e+01 9.712320789453111614e-01
2.200000000000000000e+01 9.685358190981097071e-01
2.300000000000000000e+01 9.657250048813008636e-01
2.400000000000000000e+01 9.628006780358947525e-01
2.500000000000000000e+01 9.597639201784687879e-01
2.600000000000000000e+01 9.566158521345995425e-01
2.700000000000000000e+01 9.533576332496240813e-01
2.800000000000000000e+01 9.499904606773226234e-01
2.900000000000000000e+01 9.465155686471341534e-01
3.000000000000000000e+01 9.429342277105314807e-01
3.100000000000000000e+01 9.392477439672023420e-01
3.200000000000000000e+01 9.354574582716916886e-01
3.300000000000000000e+01 9.315647454211836154e-01
3.400000000000000000e+01 9.275710133251082734e-01
3.500000000000000000e+01 9.234777021572772027e-01
3.600000000000000000e+01 9.192862834912594039e-01
3.700000000000000000e+01 9.149982594197261232e-01
3.800000000000000000e+01 9.106151616584986508e-01
3.900000000000000000e+01 9.061385506360495334e-01
4.000000000000000000e+01 9.015700145692099321e-01
4.100000000000000000e+01 8.969111685258511768e-01
4.200000000000000000e+01 8.921636534753123460e-01
4.300000000000000000e+01 8.873291353273523585e-01
4.400000000000000000e+01 8.824093039604155031e-01
4.500000000000000000e+01 8.774058722399982191e-01
4.600000000000000000e+01 8.723205750279156012e-01
4.700000000000000000e+01 8.671551681832661007e-01
4.800000000000000000e+01 8.619114275558958926e-01
4.900000000000000000e+01 8.565911479731681544e-01
5.000000000000000000e+01 8.511961422208432770e-01
5.100000000000000000e+01 8.457282400188739224e-01
5.200000000000000000e+01 8.401892869929221686e-01
5.300000000000000000e+01 8.345811436424019902e-01
5.400000000000000000e+01 8.289056843058493218e-01
5.500000000000000000e+01 8.231647961244192846e-01
5.600000000000000000e+01 8.173603780043053879e-01
5.700000000000000000e+01 8.114943395788735137e-01
5.800000000000000000e+01 8.055686001712942801e-01
5.900000000000000000e+01 7.995850877584562699e-01
6.000000000000000000e+01 7.935457379369322828e-01
6.100000000000000000e+01 7.874524928917652211e-01
6.200000000000000000e+01 7.813073003688300044e-01
6.300000000000000000e+01 7.751121126515235771e-01
6.400000000000000000e+01 7.688688855425189761e-01
6.500000000000000000e+01 7.625795773513155407e-01
6.600000000000000000e+01 7.562461478883027999e-01
6.700000000000000000e+01 7.498705574660446960e-01
6.800000000000000000e+01 7.434547659084796978e-01
6.900000000000000000e+01 7.370007315687183702e-01
7.000000000000000000e+01 7.305104103561089746e-01
7.100000000000000000e+01 7.239857547732235776e-01
7.200000000000000000e+01 7.174287129634075999e-01
7.300000000000000000e+01 7.108412277695180803e-01
7.400000000000000000e+01 7.042252358044605032e-01
7.500000000000000000e+01 6.975826665341192667e-01
7.600000000000000000e+01 6.909154413732602196e-01
7.700000000000000000e+01 6.842254727949653725e-01
7.800000000000000000e+01 6.775146634541464596e-01
7.900000000000000000e+01 6.707849053256617067e-01
8.000000000000000000e+01 6.640380788575458437e-01
8.100000000000000000e+01 6.572760521398440803e-01
8.200000000000000000e+01 6.505006800895205554e-01
8.300000000000000000e+01 6.437138036518966766e-01
8.400000000000000000e+01 6.369172490190512237e-01
8.500000000000000000e+01 6.301128268655977749e-01
8.600000000000000000e+01 6.233023316022346938e-01
8.700000000000000000e+01 6.164875406474420449e-01
8.800000000000000000e+01 6.096702137176818193e-01
8.900000000000000000e+01 6.028520921364355356e-01
9.000000000000000000e+01 5.960348981623954101e-01
9.100000000000000000e+01 5.892203343371024138e-01
9.200000000000000000e+01 5.824100828523069984e-01
9.300000000000000000e+01 5.756058049373049545e-01
9.400000000000000000e+01 5.688091402664823271e-01
9.500000000000000000e+01 5.620217063872835483e-01
9.600000000000000000e+01 5.552450981687928611e-01
9.700000000000000000e+01 5.484808872711034455e-01
9.800000000000000000e+01 5.417306216356246873e-01
9.900000000000000000e+01 5.349958249964599233e-01
1.000000000000000000e+02 5.282779964129661332e-01
1.010000000000000000e+02 5.215786098235861701e-01
1.020000000000000000e+02 5.148991136210263608e-01
1.030000000000000000e+02 5.082409302488312131e-01
1.040000000000000000e+02 5.016054558193864255e-01
1.050000000000000000e+02 4.949940597533664111e-01
1.060000000000000000e+02 4.884080844406171740e-01
1.070000000000000000e+02 4.818488449224529457e-01
1.080000000000000000e+02 4.753176285953216729e-01
1.090000000000000000e+02 4.688156949357796255e-01
1.100000000000000000e+02 4.623442752466948025e-01
1.110000000000000000e+02 4.559045724245835429e-01
1.120000000000000000e+02 4.494977607479657689e-01
1.130000000000000000e+02 4.431249856866081860e-01
1.140000000000000000e+02 4.367873637315083934e-01
1.150000000000000000e+02 4.304859822454566998e-01
1.160000000000000000e+02 4.242218993339947342e-01
1.170000000000000000e+02 4.179961437365791177e-01
1.180000000000000000e+02 4.118097147377375866e-01
1.190000000000000000e+02 4.056635820979960783e-01
1.200000000000000000e+02 3.995586860043365274e-01
1.210000000000000000e+02 3.934959370399355727e-01
1.220000000000000000e+02 3.874762161729174981e-01
1.230000000000000000e+02 3.815003747638446852e-01
1.240000000000000000e+02 3.755692345916556429e-01
1.250000000000000000e+02 3.696835878977483003e-01
1.260000000000000000e+02 3.638441974478962559e-01
1.270000000000000000e+02 3.580517966116736894e-01
1.280000000000000000e+02 3.523070894590553670e-01
1.290000000000000000e+02 3.466107508738470733e-01
1.300000000000000000e+02 3.409634266835939176e-01
1.310000000000000000e+02 3.353657338056037496e-01
1.320000000000000000e+02 3.298182604087168679e-01
1.330000000000000000e+02 3.243215660904414932e-01
1.340000000000000000e+02 3.188761820690717008e-01
1.350000000000000000e+02 3.134826113903941835e-01
1.360000000000000000e+02 3.081413291485867179e-01
1.370000000000000000e+02 3.028527827209018808e-01
1.380000000000000000e+02 2.976173920157293429e-01
1.390000000000000000e+02 2.924355497336191823e-01
1.400000000000000000e+02 2.873076216408504968e-01
1.410000000000000000e+02 2.822339468551208763e-01
1.420000000000000000e+02 2.772148381429320185e-01
1.430000000000000000e+02 2.722505822282425547e-01
1.440000000000000000e+02 2.673414401119573736e-01
1.450000000000000000e+02 2.624876474018205674e-01
1.460000000000000000e+02 2.576894146522783480e-01
1.470000000000000000e+02 2.529469277138759464e-01
1.480000000000000000e+02 2.482603480917537908e-01
1.490000000000000000e+02 2.436298133128071419e-01
1.500000000000000000e+02 2.390554373010734812e-01
1.510000000000000000e+02 2.345373107609143581e-01
1.520000000000000000e+02 2.300755015675572668e-01
1.530000000000000000e+02 2.256700551645673125e-01
1.540000000000000000e+02 2.213209949678182076e-01
1.550000000000000000e+02 2.170283227755365196e-01
1.560000000000000000e+02 2.127920191839942909e-01
1.570000000000000000e+02 2.086120440084298366e-01
1.580000000000000000e+02 2.044883367087783621e-01
1.590000000000000000e+02 2.004208168198003404e-01
1.600000000000000000e+02 1.964093843851967836e-01
1.610000000000000000e+02 1.924539203953082589e-01
1.620000000000000000e+02 1.885542872279966364e-01
1.630000000000000000e+02 1.847103290923160224e-01
1.640000000000000000e+02 1.809218724745831619e-01
1.650000000000000000e+02 1.771887265864640348e-01
1.660000000000000000e+02 1.735106838146996400e-01
1.670000000000000000e+02 1.698875201720995431e-01
1.680000000000000000e+02 1.663189957494391469e-01
1.690000000000000000e+02 1.628048551679021627e-01
1.700000000000000000e+02 1.593448280317185939e-01
1.710000000000000000e+02 1.559386293806536983e-01
1.720000000000000000e+02 1.525859601420118117e-01
1.730000000000000000e+02 1.492865075818269327e-01
1.740000000000000000e+02 1.460399457549186042e-01
1.750000000000000000e+02 1.428459359534997586e-01
1.760000000000000000e+02 1.397041271540321594e-01
1.770000000000000000e+02 1.366141564620318993e-01
1.780000000000000000e+02 1.335756495545365463e-01
1.790000000000000000e+02 1.305882211199535792e-01
1.800000000000000000e+02 1.276514752950184128e-01
1.810000000000000000e+02 1.247650060985982801e-01
1.820000000000000000e+02 1.219283978620883113e-01
1.830000000000000000e+02 1.191412256561526356e-01
1.840000000000000000e+02 1.164030557135743854e-01
1.850000000000000000e+02 1.137134458479853588e-01
1.860000000000000000e+02 1.110719458682564442e-01
1.870000000000000000e+02 1.084780979883373381e-01
1.880000000000000000e+02 1.059314372323440501e-01
1.890000000000000000e+02 1.034314918347011142e-01
1.900000000000000000e+02 1.009777836351539032e-01
1.910000000000000000e+02 9.856982846847542334e-02
1.920000000000000000e+02 9.620713654870186038e-02
1.930000000000000000e+02 9.388921284773733833e-02
1.940000000000000000e+02 9.161555746817978685e-02
1.950000000000000000e+02 8.938566601022682190e-02
1.960000000000000000e+02 8.719902993252917622e-02
1.970000000000000000e+02 8.505513690686856976e-02
1.980000000000000000e+02 8.295347116654418207e-02
1.990000000000000000e+02 8.089351384836118708e-02
2.000000000000000000e+02 7.887474332812241529e-02
2.010000000000000000e+02 7.689663554953253544e-02
2.020000000000000000e+02 7.495866434643189136e-02
2.030000000000000000e+02 7.306030175828559514e-02
2.040000000000000000e+02 7.120101833886070819e-02
2.050000000000000000e+02 6.938028345803194663e-02
2.060000000000000000e+02 6.759756559666443843e-02
2.070000000000000000e+02 6.585233263452855423e-02
2.080000000000000000e+02 6.414405213120992488e-02
2.090000000000000000e+02 6.247219159998416288e-02
2.100000000000000000e+02 6.083621877463319533e-02
2.110000000000000000e+02 5.923560186918633980e-02
2.120000000000000000e+02 5.766980983057661686e-02
2.130000000000000000e+02 5.613831258420847597e-02
2.140000000000000000e+02 5.464058127243998086e-02
2.150000000000000000e+02 5.317608848598789212e-02
2.160000000000000000e+02 5.174430848827130114e-02
2.170000000000000000e+02 5.034471743271348027e-02
2.180000000000000000e+02 4.897679357302883729e-02
2.190000000000000000e+02 4.764001746652633124e-02
2.200000000000000000e+02 4.633387217046613937e-02
2.210000000000000000e+02 4.505784343151163912e-02
2.220000000000000000e+02 4.381141986832341739e-02
2.230000000000000000e+02 4.259409314734690505e-02
2.240000000000000000e+02 4.140535815184940432e-02
2.250000000000000000e+02 4.024471314426718987e-02
2.260000000000000000e+02 3.911165992192704166e-02
2.270000000000000000e+02 3.800570396621073821e-02
2.280000000000000000e+02 3.692635458523470943e-02
2.290000000000000000e+02 3.587312505012103109e-02
2.300000000000000000e+02 3.484553272493888521e-02
2.310000000000000000e+02 3.384309919039928116e-02
2.320000000000000000e+02 3.286535036138861499e-02
2.330000000000000000e+02 3.191181659843005808e-02
2.340000000000000000e+02 3.098203281316363675e-02
2.350000000000000000e+02 3.007553856793957966e-02
2.360000000000000000e+02 2.919187816962090509e-02
2.370000000000000000e+02 2.833060075769402997e-02
2.380000000000000000e+02 2.749126038678814665e-02
2.390000000000000000e+02 2.667341610370599012e-02
2.400000000000000000e+02 2.587663201907031141e-02
2.410000000000000000e+02 2.510047737369218782e-02
2.420000000000000000e+02 2.434452659976849356e-02
2.430000000000000000e+02 2.360835937701741966e-02
2.440000000000000000e+02 2.289156068386181617e-02
2.450000000000000000e+02 2.219372084377139662e-02
2.460000000000000000e+02 2.151443556687551023e-02
2.470000000000000000e+02 2.085330598695902399e-02
2.480000000000000000e+02 2.020993869395448436e-02
2.490000000000000000e+02 1.958394576204409293e-02
2.500000000000000000e+02 1.897494477348535616e-02
2.510000000000000000e+02 1.838255883827477274e-02
2.520000000000000000e+02 1.780641660976351945e-02
2.530000000000000000e+02 1.724615229633949531e-02
2.540000000000000000e+02 1.670140566928990031e-02
2.550000000000000000e+02 1.617182206695793462e-02
2.560000000000000000e+02 1.565705239530738868e-02
2.570000000000000000e+02 1.515675312500784806e-02
2.580000000000000000e+02 1.467058628515339330e-02
2.590000000000000000e+02 1.419821945372625946e-02
2.600000000000000000e+02 1.373932574491679680e-02
2.610000000000000000e+02 1.329358379341000727e-02
2.620000000000000000e+02 1.286067773574786285e-02
2.630000000000000000e+02 1.244029718887609305e-02
2.640000000000000000e+02 1.203213722598255736e-02
2.650000000000000000e+02 1.163589834973343187e-02
2.660000000000000000e+02 1.125128646301234471e-02
2.670000000000000000e+02 1.087801283726613083e-02
2.680000000000000000e+02 1.051579407855953059e-02
2.690000000000000000e+02 1.016435209144003760e-02
2.700000000000000000e+02 9.823414040712265954e-03
2.710000000000000000e+02 9.492712311220187146e-03
2.720000000000000000e+02 9.171984465733532682e-03
2.730000000000000000e+02 8.860973201033505234e-03
2.740000000000000000e+02 8.559426302291114202e-03
2.750000000000000000e+02 8.267096595829696165e-03
2.760000000000000000e+02 7.983741900361818883e-03
2.770000000000000000e+02 7.709124976788603485e-03
2.780000000000000000e+02 7.443013476648120338e-03
2.790000000000000000e+02 7.185179889297433307e-03
2.800000000000000000e+02 6.935401487911347501e-03
2.810000000000000000e+02 6.693460274378773209e-03
2.820000000000000000e+02 6.459142923176042737e-03
2.830000000000000000e+02 6.232240724294529736e-03
2.840000000000000000e+02 6.012549525297988112e-03
2.850000000000000000e+02 5.799869672583359698e-03
2.860000000000000000e+02 5.594005951916668738e-03
2.870000000000000000e+02 5.394767528313824945e-03
2.880000000000000000e+02 5.201967885334386581e-03
2.890000000000000000e+02 5.015424763854181393e-03
2.900000000000000000e+02 4.834960100381004849e-03
2.910000000000000000e+02 4.660399964975639291e-03
2.920000000000000000e+02 4.491574498838521619e-03
2.930000000000000000e+02 4.328317851620610765e-03
2.940000000000000000e+02 4.170468118514980907e-03
2.950000000000000000e+02 4.017867277184011474e-03
2.960000000000000000e+02 3.870361124574970679e-03
2.970000000000000000e+02 3.727799213675207259e-03
2.980000000000000000e+02 3.590034790256111177e-03
2.990000000000000000e+02 3.456924729653389899e-03
3.000000000000000000e+02 3.328329473629334633e-03
3.010000000000000000e+02 3.204112967361035739e-03
3.020000000000000000e+02 3.084142596596723632e-03
3.030000000000000000e+02 2.968289125020764831e-03
3.040000000000000000e+02 2.856426631866097656e-03
3.050000000000000000e+02 2.748432449811246282e-03
3.060000000000000000e+02 2.644187103197427700e-03
3.070000000000000000e+02 2.543574246599614262e-03
3.080000000000000000e+02 2.446480603783868397e-03
3.090000000000000000e+02 2.352795907081697054e-03
3.100000000000000000e+02 2.262412837210613006e-03
3.110000000000000000e+02 2.175226963568630423e-03
3.120000000000000000e+02 2.091136685028963625e-03
3.130000000000000000e+02 2.010043171259659651e-03
3.140000000000000000e+02 1.931850304591630060e-03
3.150000000000000000e+02 1.856464622457059148e-03
3.160000000000000000e+02 1.783795260418849374e-03
3.170000000000000000e+02 1.713753895810482368e-03
3.180000000000000000e+02 1.646254692004327745e-03
3.190000000000000000e+02 1.581214243325259087e-03
3.200000000000000000e+02 1.518551520625136897e-03
3.210000000000000000e+02 1.458187817532594251e-03
3.220000000000000000e+02 1.400046697391373876e-03
3.230000000000000000e+02 1.344053940899360812e-03
3.240000000000000000e+02 1.290137494459347176e-03
3.250000000000000000e+02 1.238227419251531009e-03
3.260000000000000000e+02 1.188255841036710584e-03
3.270000000000000000e+02 1.140156900698154540e-03
3.280000000000000000e+02 1.093866705529150272e-03
3.290000000000000000e+02 1.049323281272329222e-03
3.300000000000000000e+02 1.006466524915947862e-03
3.310000000000000000e+02 9.652381582514507792e-04
3.320000000000000000e+02 9.255816821958048109e-04
3.330000000000000000e+02 8.874423318812770228e-04
3.340000000000000000e+02 8.507670325145734935e-04
3.350000000000000000e+02 8.155043560065017207e-04
3.360000000000000000e+02 7.816044783725933616e-04
3.370000000000000000e+02 7.490191379044671078e-04
3.380000000000000000e+02 7.177015941110181452e-04
3.390000000000000000e+02 6.876065874279192443e-04
3.400000000000000000e+02 6.586902996933063827e-04
3.410000000000000000e+02 6.309103153869398059e-04
3.420000000000000000e+02 6.042255836295995193e-04
3.430000000000000000e+02 5.785963809389386113e-04
3.440000000000000000e+02 5.539842747375296967e-04
3.450000000000000000e+02 5.303520876083669521e-04
3.460000000000000000e+02 5.076638622926355100e-04
3.470000000000000000e+02 4.858848274241457589e-04
3.480000000000000000e+02 4.649813639944256369e-04
3.490000000000000000e+02 4.449209725420909299e-04
3.500000000000000000e+02 4.256722410597561269e-04
3.510000000000000000e+02 4.072048136114233370e-04
3.520000000000000000e+02 3.894893596529708409e-04
3.530000000000000000e+02 3.724975440480772677e-04
3.540000000000000000e+02 3.562019977716414593e-04
3.550000000000000000e+02 3.405762892925195593e-04
3.560000000000000000e+02 3.255948966271559990e-04
3.570000000000000000e+02 3.112331800554824662e-04
3.580000000000000000e+02 2.974673554902635721e-04
3.590000000000000000e+02 2.842744684908796041e-04
3.600000000000000000e+02 2.716323689123927173e-04
3.610000000000000000e+02 2.595196861805861943e-04
3.620000000000000000e+02 2.479158051835396079e-04
3.630000000000000000e+02 2.368008427701911816e-04
3.640000000000000000e+02 2.261556248462364576e-04
3.650000000000000000e+02 2.159616640576302287e-04
3.660000000000000000e+02 2.062011380518836859e-04
3.670000000000000000e+02 1.968568683072888367e-04
3.680000000000000000e+02 1.879122995201589321e-04
3.690000000000000000e+02 1.793514795401343381e-04
3.700000000000000000e+02 1.711590398435865114e-04
3.710000000000000000e+02 1.633201765351304012e-04
3.720000000000000000e+02 1.558206318672643309e-04
3.730000000000000000e+02 1.486466762681539974e-04
3.740000000000000000e+02 1.417850908676038723e-04
3.750000000000000000e+02 1.352231505112779365e-04
3.760000000000000000e+02 1.289486072532715789e-04
3.770000000000000000e+02 1.229496743171767134e-04
3.780000000000000000e+02 1.172150105158357151e-04
3.790000000000000000e+02 1.117337051200360993e-04
3.800000000000000000e+02 1.064952631664623525e-04
3.810000000000000000e+02 1.014895911952953318e-04
3.820000000000000000e+02 9.670698340792493596e-05
3.830000000000000000e+02 9.213810823532728081e-05
3.840000000000000000e+02 8.777399530774690711e-05
3.850000000000000000e+02 8.360602281641383682e-05
3.860000000000000000e+02 7.962590525813139307e-05
3.870000000000000000e+02 7.582568155366853694e-05
3.880000000000000000e+02 7.219770353099890664e-05
3.890000000000000000e+02 6.873462476453987642e-05
3.900000000000000000e+02 6.542938976166048698e-05
3.910000000000000000e+02 6.227522348784226907e-05
3.920000000000000000e+02 5.926562122199885972e-05
3.930000000000000000e+02 5.639433873358384836e-05
3.940000000000000000e+02 5.365538277323999802e-05
3.950000000000000000e+02 5.104300186887139644e-05
3.960000000000000000e+02 4.855167741914950558e-05
3.970000000000000000e+02 4.617611507659541501e-05
3.980000000000000000e+02 4.391123641250978103e-05
3.990000000000000000e+02 4.175217085616143598e-05
4.000000000000000000e+02 3.969424790077283614e-05
4.010000000000000000e+02 3.773298956898218774e-05
4.020000000000000000e+02 3.586410313059312332e-05
4.030000000000000000e+02 3.408347406556231735e-05
4.040000000000000000e+02 3.238715926530966047e-05
4.050000000000000000e+02 3.077138046557308261e-05
4.060000000000000000e+02 2.923251790416696099e-05
4.070000000000000000e+02 2.776710419713797527e-05
4.080000000000000000e+02 2.637181842694955549e-05
4.090000000000000000e+02 2.504348043646029612e-05
4.100000000000000000e+02 2.377904532259680456e-05
4.110000000000000000e+02 2.257559812375589683e-05
4.120000000000000000e+02 2.143034869510330897e-05
4.130000000000000000e+02 2.034062676606872446e-05
4.140000000000000000e+02 1.930387717446811652e-05
4.150000000000000000e+02 1.831765527181434259e-05
4.160000000000000000e+02 1.737962249450486051e-05
4.170000000000000000e+02 1.648754209570417155e-05
4.180000000000000000e+02 1.563927503286358691e-05
4.190000000000000000e+02 1.483277600594580100e-05
4.200000000000000000e+02 1.406608964154476914e-05
4.210000000000000000e+02 1.333734681821285555e-05
4.220000000000000000e+02 1.264476112842701987e-05
4.230000000000000000e+02 1.198662547274415635e-05
4.240000000000000000e+02 1.136130878181130970e-05
4.250000000000000000e+02 1.076725286201261457e-05
4.260000000000000000e+02 1.020296936064590434e-05
4.270000000000000000e+02 9.667036846634485255e-06
4.280000000000000000e+02 9.158098002887622542e-06
4.290000000000000000e+02 8.674856926531312822e-06
4.300000000000000000e+02 8.216076533335772640e-06
4.310000000000000000e+02 7.780576062769787224e-06
4.320000000000000000e+02 7.367228680213523682e-06
4.330000000000000000e+02 6.974959172961102713e-06
4.340000000000000000e+02 6.602741736741406351e-06
4.350000000000000000e+02 6.249597849581961170e-06
4.360000000000000000e+02 5.914594229933753252e-06
4.370000000000000000e+02 5.596840876067127337e-06
4.380000000000000000e+02 5.295489183838275256e-06
4.390000000000000000e+02 5.009730140014040563e-06
4.400000000000000000e+02 4.738792588428385281e-06
4.410000000000000000e+02 4.481941566327947897e-06
4.420000000000000000e+02 4.238476708346244148e-06
4.430000000000000000e+02 4.007730715626019507e-06
4.440000000000000000e+02 3.789067887687628062e-06
4.450000000000000000e+02 3.581882714717699210e-06
4.460000000000000000e+02 3.385598528026699738e-06
4.470000000000000000e+02 3.199666206496859427e-06
4.480000000000000000e+02 3.023562936912597493e-06
4.490000000000000000e+02 2.856791026134683919e-06
4.500000000000000000e+02 2.698876763146686408e-06
4.510000000000000000e+02 2.549369329067611988e-06
4.520000000000000000e+02 2.407839753288571999e-06
4.530000000000000000e+02 2.273879913953248158e-06
4.540000000000000000e+02 2.147101581062350804e-06
4.550000000000000000e+02 2.027135500541036009e-06
4.560000000000000000e+02 1.913630517665260775e-06
4.570000000000000000e+02 1.806252738298589540e-06
4.580000000000000000e+02 1.704684726444935429e-06
4.590000000000000000e+02 1.608624736674989850e-06
4.600000000000000000e+02 1.517785980035080574e-06
4.610000000000000000e+02 1.431895922096456123e-06
4.620000000000000000e+02 1.350695611851028725e-06
4.630000000000000000e+02 1.273939040205967016e-06
4.640000000000000000e+02 1.201392526874736051e-06
4.650000000000000000e+02 1.132834134505832539e-06
4.660000000000000000e+02 1.068053108932845150e-06
4.670000000000000000e+02 1.006849344470542362e-06
4.680000000000000000e+02 9.490328732214910304e-07
4.690000000000000000e+02 8.944233773961844732e-07
4.700000000000000000e+02 8.428497236870337781e-07
4.710000000000000000e+02 7.941495187725905031e-07
4.720000000000000000e+02 7.481686850634283712e-07
4.730000000000000000e+02 7.047610558347861027e-07
4.740000000000000000e+02 6.637879889238683091e-07
4.750000000000000000e+02 6.251179982012606587e-07
4.760000000000000000e+02 5.886264020564765788e-07
4.770000000000000000e+02 5.541949881671939838e-07
4.780000000000000000e+02 5.217116938502572623e-07
4.790000000000000000e+02 4.910703013200844294e-07
4.800000000000000000e+02 4.621701472067312741e-07
4.810000000000000000e+02 4.349158457115188411e-07
4.820000000000000000e+02 4.092170248029868752e-07
4.830000000000000000e+02 3.849880748797830624e-07
4.840000000000000000e+02 3.621479093502372004e-07
4.850000000000000000e+02 3.406197366005830308e-07
4.860000000000000000e+02 3.203308428452747657e-07
4.870000000000000000e+02 3.012123853735133174e-07
4.880000000000000000e+02 2.831991957260376123e-07
4.890000000000000000e+02 2.662295923554478187e-07
4.900000000000000000e+02 2.502452023418128071e-07
4.910000000000000000e+02 2.351907917531461356e-07
4.920000000000000000e+02 2.210141042574744609e-07
4.930000000000000000e+02 2.076657076097378557e-07
4.940000000000000000e+02 1.950988476526539138e-07
4.950000000000000000e+02 1.832693094859526824e-07
4.960000000000000000e+02 1.721352854731082682e-07
4.970000000000000000e+02 1.616572497688132989e-07
4.980000000000000000e+02 1.517978390640613322e-07
4.990000000000000000e+02 1.425217392587441240e-07
5.000000000000000000e+02 1.337955777842482347e-07
5.010000000000000000e+02 1.255878213105916675e-07
5.020000000000000000e+02 1.178686785842308422e-07
5.030000000000000000e+02 1.106100081538002573e-07
5.040000000000000000e+02 1.037852307517348980e-07
5.050000000000000000e+02 9.736924610997960051e-08
5.060000000000000000e+02 9.133835399783689694e-08
5.070000000000000000e+02 8.567017927945382430e-08
5.080000000000000000e+02 8.034360079750078938e-08
5.090000000000000000e+02 7.533868389830105770e-08
5.100000000000000000e+02 7.063661642198821030e-08
5.110000000000000000e+02 6.621964798926545915e-08
5.120000000000000000e+02 6.207103242400217822e-08
5.130000000000000000e+02 5.817497315823065589e-08
5.140000000000000000e+02 5.451657147314251601e-08
5.150000000000000000e+02 5.108177743642072822e-08
5.160000000000000000e+02 4.785734340268287423e-08
5.170000000000000000e+02 4.483077994999523351e-08
5.180000000000000000e+02 4.199031413132007885e-08
5.190000000000000000e+02 3.932484992542057698e-08
5.200000000000000000e+02 3.682393077715676268e-08
5.210000000000000000e+02 3.447770412228628328e-08
5.220000000000000000e+02 3.227688779683352523e-08
5.230000000000000000e+02 3.021273823582977148e-08
5.240000000000000000e+02 2.827702037075306629e-08
5.250000000000000000e+02 2.646197913932405773e-08
5.260000000000000000e+02 2.476031252545234419e-08
5.270000000000000000e+02 2.316514605107885565e-08
5.280000000000000000e+02 2.167000864543475555e-08
5.290000000000000000e+02 2.026880982084512015e-08
5.300000000000000000e+02 1.895581808764765009e-08
5.310000000000000000e+02 1.772564054408530767e-08
5.320000000000000000e+02 1.657320358016867333e-08
5.330000000000000000e+02 1.549373463750054847e-08
5.340000000000000000e+02 1.448274496991057018e-08
5.350000000000000000e+02 1.353601335247649573e-08
5.360000000000000000e+02 1.264957068910622613e-08
5.370000000000000000e+02 1.181968547133549182e-08
5.380000000000000000e+02 1.104285004336069539e-08
5.390000000000000000e+02 1.031576763057814241e-08
5.400000000000000000e+02 9.635340091049497944e-09
5.410000000000000000e+02 8.998656351360285799e-09
5.420000000000000000e+02 8.402981490286085470e-09
5.430000000000000000e+02 7.845746435539871072e-09
5.440000000000000000e+02 7.324538240640670034e-09
5.450000000000000000e+02 6.837090910629278616e-09
5.460000000000000000e+02 6.381276746957433572e-09
5.470000000000000000e+02 5.955098183404727100e-09
5.480000000000000000e+02 5.556680086327307817e-09
5.490000000000000000e+02 5.184262493924832804e-09
5.500000000000000000e+02 4.836193770525503363e-09
5.510000000000000000e+02 4.510924153138426280e-09
5.520000000000000000e+02 4.206999668711066932e-09
5.530000000000000000e+02 3.923056401658860660e-09
5.540000000000000000e+02 3.657815092307914907e-09
5.550000000000000000e+02 3.410076047911921776e-09
5.560000000000000000e+02 3.178714348874311223e-09
5.570000000000000000e+02 2.962675333727332119e-09
5.580000000000000000e+02 2.760970347294976231e-09
5.590000000000000000e+02 2.572672737297254116e-09
5.600000000000000000e+02 2.396914085442301794e-09
5.610000000000000000e+02 2.232880659801509213e-09
5.620000000000000000e+02 2.079810075973798893e-09
5.630000000000000000e+02 1.936988155219559893e-09
5.640000000000000000e+02 1.803745968384642965e-09
5.650000000000000000e+02 1.679457055042004977e-09
5.660000000000000000e+02 1.563534807854280877e-09
5.670000000000000000e+02 1.455430012706489109e-09
5.680000000000000000e+02 1.354628535675846155e-09
5.690000000000000000e+02 1.260649148396253049e-09
5.700000000000000000e+02 1.173041483840147624e-09
5.710000000000000000e+02 1.091384114981030306e-09
5.720000000000000000e+02 1.015282749217581316e-09
5.730000000000000000e+02 9.443685318357424780e-10
5.740000000000000000e+02 8.782964521596742417e-10
5.750000000000000000e+02 8.167438463972924949e-10
5.760000000000000000e+02 7.594089915217637752e-10
5.770000000000000000e+02 7.060097848483646610e-10
5.780000000000000000e+02 6.562825042667880609e-10
5.790000000000000000e+02 6.099806443737925081e-10
5.800000000000000000e+02 5.668738240203107610e-10
5.810000000000000000e+02 5.267467610419675783e-10
5.820000000000000000e+02 4.893983101828565509e-10
5.830000000000000000e+02 4.546405604502844066e-10
5.840000000000000000e+02 4.222979883535628239e-10
5.850000000000000000e+02 3.922066636835875138e-10
5.860000000000000000e+02 3.642135046823137142e-10
5.870000000000000000e+02 3.381755796331502290e-10
5.880000000000000000e+02 3.139594520750206168e-10
5.890000000000000000e+02 2.914405670051554564e-10
5.900000000000000000e+02 2.705026755889629062e-10
5.910000000000000000e+02 2.510372960400019208e-10
5.920000000000000000e+02 2.329432084697766683e-10
5.930000000000000000e+02 2.161259816360142690e-10
5.940000000000000000e+02 2.004975296398518571e-10
5.950000000000000000e+02 1.859756967372181655e-10
5.960000000000000000e+02 1.724838685380865900e-10
5.970000000000000000e+02 1.599506079695055889e-10
5.980000000000000000e+02 1.483093144747583813e-10
5.990000000000000000e+02 1.374979050119136134e-10
6.000000000000000000e+02 1.274585155007904141e-10
6.010000000000000000e+02 1.181372214481565397e-10
6.020000000000000000e+02 1.094837765571674589e-10
6.030000000000000000e+02 1.014513681988451822e-10
6.040000000000000000e+02 9.399638869101405061e-11
6.050000000000000000e+02 8.707822139384739073e-11
6.060000000000000000e+02 8.065904069117858526e-11
6.070000000000000000e+02 7.470362498325826827e-11
6.080000000000000000e+02 6.917918186984877226e-11
6.090000000000000000e+02 6.405518475264976042e-11
6.100000000000000000e+02 5.930322013319950041e-11
6.110000000000000000e+02 5.489684492678241850e-11
6.120000000000000000e+02 5.081145315462237952e-11
6.130000000000000000e+02 4.702415141593741984e-11
6.140000000000000000e+02 4.351364257837542705e-11
6.150000000000000000e+02 4.026011716010964300e-11
6.160000000000000000e+02 3.724515190955548398e-11
6.170000000000000000e+02 3.445161511938835723e-11
6.180000000000000000e+02 3.186357824043189485e-11
6.190000000000000000e+02 2.946623338812558289e-11
6.200000000000000000e+02 2.724581635979356302e-11
6.210000000000000000e+02 2.518953480490065612e-11
6.220000000000000000e+02 2.328550121299779469e-11
6.230000000000000000e+02 2.152267040520388436e-11
6.240000000000000000e+02 1.989078123493180220e-11
6.250000000000000000e+02 1.838030222221128781e-11
6.260000000000000000e+02 1.698238086346564600e-11
6.270000000000000000e+02 1.568879637503117789e-11
6.280000000000000000e+02 1.449191564412713622e-11
6.290000000000000000e+02 1.338465217545250613e-11
6.300000000000000000e+02 1.236042783516125994e-11
6.310000000000000000e+02 1.141313720670025422e-11
6.320000000000000000e+02 1.053711438493528474e-11
6.330000000000000000e+02 9.727102046191157199e-12
6.340000000000000000e+02 8.978222642327810155e-12
6.350000000000000000e+02 8.285951576820023075e-12
6.360000000000000000e+02 7.646092230030167154e-12
6.370000000000000000e+02 7.054752709509978724e-12
6.380000000000000000e+02 6.508324209266434954e-12
6.390000000000000000e+02 6.003460869514693584e-12
6.400000000000000000e+02 5.537061035549051338e-12
6.410000000000000000e+02 5.106249821018831286e-12
6.420000000000000000e+02 4.708362887128711817e-12
6.430000000000000000e+02 4.340931355118594574e-12
6.440000000000000000e+02 4.001667774839920135e-12
6.450000000000000000e+02 3.688453077357679879e-12
6.460000000000000000e+02 3.399324444290926481e-12
6.470000000000000000e+02 3.132464031080783270e-12
6.480000000000000000e+02 2.886188485561447081e-12
6.490000000000000000e+02 2.658939207126523192e-12
6.500000000000000000e+02 2.449273295444798772e-12
6.510000000000000000e+02 2.255855141104281255e-12
6.520000000000000000e+02 2.077448613764860742e-12
6.530000000000000000e+02 1.912909806392093174e-12
6.540000000000000000e+02 1.761180296941549107e-12
6.550000000000000000e+02 1.621280891476624995e-12
6.560000000000000000e+02 1.492305815144070444e-12
6.570000000000000000e+02 1.373417319712659999e-12
6.580000000000000000e+02 1.263840678510503811e-12
6.590000000000000000e+02 1.162859541586060070e-12
6.600000000000000000e+02 1.069811625775315814e-12
6.610000000000000000e+02 9.840847160917618831e-13
6.620000000000000000e+02 9.051129564743389729e-13
6.630000000000000000e+02 8.323734094392251074e-13
6.640000000000000000e+02 7.653828655908601745e-13
6.650000000000000000e+02 7.036948852626928284e-13
6.660000000000000000e+02 6.468970557849481112e-13
6.670000000000000000e+02 5.946084490208694206e-13
6.680000000000000000e+02 5.464772648798637960e-13
6.690000000000000000e+02 5.021786475108883440e-13
6.700000000000000000e+02 4.614126618068306964e-13
6.710000000000000000e+02 4.239024187151492854e-13
6.720000000000000000e+02 3.893923386556755273e-13
6.730000000000000000e+02 3.576465430972545523e-13
6.740000000000000000e+02 3.284473650442879311e-13
6.750000000000000000e+02 3.015939698358243484e-13
6.760000000000000000e+02 2.769010782666525371e-13
6.770000000000000000e+02 2.541977846049753960e-13
6.780000000000000000e+02 2.333264626073955024e-13
6.790000000000000000e+02 2.141417531218011744e-13
6.800000000000000000e+02 1.965096273246718846e-13
6.810000000000000000e+02 1.803065200636628538e-13
6.820000000000000000e+02 1.654185281711673456e-13
6.830000000000000000e+02 1.517406689819339161e-13
6.840000000000000000e+02 1.391761946295257292e-13
6.850000000000000000e+02 1.276359580142695043e-13
6.860000000000000000e+02 1.170378266309077272e-13
6.870000000000000000e+02 1.073061407190040408e-13
6.880000000000000000e+02 9.837121245464607129e-14
6.890000000000000000e+02 9.016886313949054285e-14
6.900000000000000000e+02 8.263999556391407165e-14
6.910000000000000000e+02 7.573019892613351820e-14
6.920000000000000000e+02 6.938938387972798691e-14
6.930000000000000000e+02 6.357144545901378744e-14
6.940000000000000000e+02 5.823395179614362825e-14
6.950000000000000000e+02 5.333785669650046857e-14
6.960000000000000000e+02 4.884723428073378655e-14
6.970000000000000000e+02 4.472903403341678482e-14
6.980000000000000000e+02 4.095285472048469703e-14
6.990000000000000000e+02 3.749073575101896991e-14
7.000000000000000000e+02 3.431696466416806941e-14
7.010000000000000000e+02 3.140789951963960565e-14
7.020000000000000000e+02 2.874180506076865268e-14
7.030000000000000000e+02 2.629870160318438462e-14
7.040000000000000000e+02 2.406022568001403943e-14
7.050000000000000000e+02 2.200950154680654798e-14
7.060000000000000000e+02 2.013102271634638183e-14
7.070000000000000000e+02 1.841054275561692539e-14
7.080000000000000000e+02 1.683497463472534767e-14
7.090000000000000000e+02 1.539229797093224351e-14
7.100000000000000000e+02 1.407147356034434568e-14
7.110000000000000000e+02 1.286236463561132241e-14
7.120000000000000000e+02 1.175566433037069660e-14
7.130000000000000000e+02 1.074282887046081041e-14
7.140000000000000000e+02 9.816016048289347658e-15
7.150000000000000000e+02 8.968028570417968647e-15
7.160000000000000000e+02 8.192261899593481808e-15
7.170000000000000000e+02 7.482656241310340440e-15
7.180000000000000000e+02 6.833652351689202540e-15
7.190000000000000000e+02 6.240150868164181914e-15
7.200000000000000000e+02 5.697474887330212849e-15
7.210000000000000000e+02 5.201335535446241499e-15
7.220000000000000000e+02 4.747800296648966505e-15
7.230000000000000000e+02 4.333263882015492106e-15
7.240000000000000000e+02 3.954421439337670618e-15
7.250000000000000000e+02 3.608243918929823131e-15
7.260000000000000000e+02 3.291955425082137762e-15
7.270000000000000000e+02 3.003012395979491335e-15
7.280000000000000000e+02 2.739084467109595808e-15
7.290000000000000000e+02 2.498036884461030143e-15
7.300000000000000000e+02 2.277914344228726332e-15
7.310000000000000000e+02 2.076926145365726478e-15
7.320000000000000000e+02 1.893432550206812920e-15
7.330000000000000000e+02 1.725932256594068992e-15
7.340000000000000000e+02 1.573050892510691263e-15
7.350000000000000000e+02 1.433530451221590715e-15
7.360000000000000000e+02 1.306219591374594099e-15
7.370000000000000000e+02 1.190064732471758573e-15
7.380000000000000000e+02 1.084101881616905381e-15
7.390000000000000000e+02 9.874491325155102482e-16
7.400000000000000000e+02 8.992997823806284625e-16
7.410000000000000000e+02 8.189160167119876428e-16
7.420000000000000000e+02 7.456231158934220577e-16
7.430000000000000000e+02 6.788041412216707720e-16
7.440000000000000000e+02 6.178950613607358999e-16
7.450000000000000000e+02 5.623802833327413205e-16
7.460000000000000000e+02 5.117885550286561055e-16
7.470000000000000000e+02 4.656892088690227659e-16
7.480000000000000000e+02 4.236887186836757521e-16
7.490000000000000000e+02 3.854275441257721487e-16
7.500000000000000000e+02 3.505772390048458278e-16
7.510000000000000000e+02 3.188378018291446214e-16
7.520000000000000000e+02 2.899352486022509884e-16
7.530000000000000000e+02 2.636193895345102819e-16
7.540000000000000000e+02 2.396617928168934188e-16
7.550000000000000000e+02 2.178539199737144291e-16
7.560000000000000000e+02 1.980054185702442854e-16
7.570000000000000000e+02 1.799425592102284819e-16
7.580000000000000000e+02 1.635068048246724115e-16
7.590000000000000000e+02 1.485535012340284052e-16
7.600000000000000000e+02 1.349506788680858510e-16
7.610000000000000000e+02 1.225779563573572985e-16
7.620000000000000000e+02 1.113255374725754886e-16
7.630000000000000000e+02 1.010932935900675164e-16
7.640000000000000000e+02 9.178992450536277492e-17
7.650000000000000000e+02 8.333219100974875306e-17
7.660000000000000000e+02 7.564421318882732819e-17
7.670000000000000000e+02 6.865682890228831038e-17
7.680000000000000000e+02 6.230700736353838323e-17
7.690000000000000000e+02 5.653731315986738655e-17
7.700000000000000000e+02 5.129541644139519152e-17
7.710000000000000000e+02 4.653364536293832235e-17
7.720000000000000000e+02 4.220857718968882706e-17
7.730000000000000000e+02 3.828066477754332644e-17
7.740000000000000000e+02 3.471389541424716469e-17
7.750000000000000000e+02 3.147547926016175481e-17
7.760000000000000000e+02 2.853556485931417743e-17
7.770000000000000000e+02 2.586697940408106781e-17
7.780000000000000000e+02 2.344499163197480700e-17
7.790000000000000000e+02 2.124709541195752378e-17
7.800000000000000000e+02 1.925281224181702133e-17
7.810000000000000000e+02 1.744351102862453639e-17
7.820000000000000000e+02 1.580224366224291167e-17
7.830000000000000000e+02 1.431359501832001723e-17
7.840000000000000000e+02 1.296354614310172813e-17
7.850000000000000000e+02 1.173934947861328917e-17
7.860000000000000000e+02 1.062941508407413156e-17
7.870000000000000000e+02 9.623206898571224002e-18
7.880000000000000000e+02 8.711148171677944782e-18
7.890000000000000000e+02 7.884535263504737907e-18
7.900000000000000000e+02 7.135459084158262382e-18
7.910000000000000000e+02 6.456733505298471617e-18
7.920000000000000000e+02 5.841830133892392299e-18
7.930000000000000000e+02 5.284818890815401997e-18
7.940000000000000000e+02 4.780313885042206896e-18
7.950000000000000000e+02 4.323424118180899535e-18
7.960000000000000000e+02 3.909708594369362967e-18
7.970000000000000000e+02 3.535135447387416671e-18
7.980000000000000000e+02 3.196044730533268554e-18
7.990000000000000000e+02 2.889114545624678865e-18
8.000000000000000000e+02 2.611330215662375838e-18
8.010000000000000000e+02 2.359956231454626935e-18
8.020000000000000000e+02 2.132510726051709570e-18
8.030000000000000000e+02 1.926742252363613030e-18
8.040000000000000000e+02 1.740608659006157386e-18
8.050000000000000000e+02 1.572257877395896968e-18
8.060000000000000000e+02 1.420010449536342011e-18
8.070000000000000000e+02 1.282343640940140598e-18
8.080000000000000000e+02 1.157876996834298759e-18
8.090000000000000000e+02 1.045359212308793807e-18
8.100000000000000000e+02 9.436561984951293771e-19
8.110000000000000000e+02 8.517402372931872896e-19
8.120000000000000000e+02 7.686801266871816309e-19
8.130000000000000000e+02 6.936322273832262694e-19
8.140000000000000000e+02 6.258323294323487002e-19
8.150000000000000000e+02 5.645882647403489612e-19
8.160000000000000000e+02 5.092731979685056026e-19
8.170000000000000000e+02 4.593195343521771002e-19
8.180000000000000000e+02 4.142133884577247116e-19
8.190000000000000000e+02 3.734895629076998861e-19
8.200000000000000000e+02 3.367269906721427005e-19
8.210000000000000000e+02 3.035445986879955010e-19
8.220000000000000000e+02 2.735975543647337467e-19
8.230000000000000000e+02 2.465738599939471117e-19
8.240000000000000000e+02 2.221912632334194968e-19
8.250000000000000000e+02 2.001944547088876403e-19
8.260000000000000000e+02 1.803525263938169820e-19
8.270000000000000000e+02 1.624566668113413482e-19
8.280000000000000000e+02 1.463180712737612417e-19
8.290000000000000000e+02 1.317660473521159520e-19
8.300000000000000000e+02 1.186462975685779457e-19
8.310000000000000000e+02 1.068193629433089712e-19
8.320000000000000000e+02 9.615921251920303993e-20
8.330000000000000000e+02 8.655196534567635898e-20
8.340000000000000000e+02 7.789473263818045597e-20
8.350000000000000000e+02 7.009456895424816886e-20
8.360000000000000000e+02 6.306752224959193755e-20
8.370000000000000000e+02 5.673777360798577892e-20
8.380000000000000000e+02 5.103685828472021598e-20
8.390000000000000000e+02 4.590296047273005991e-20
8.400000000000000000e+02 4.128027490002131124e-20
8.410000000000000000e+02 3.711842900290899448e-20
8.420000000000000000e+02 3.337195999761254117e-20
8.430000000000000000e+02 2.999984169807204224e-20
8.440000000000000000e+02 2.696505640521185022e-20
8.450000000000000000e+02 2.423420762661153384e-20
8.460000000000000000e+02 2.177716977954830824e-20
8.470000000000000000e+02 1.956677138828279535e-20
8.480000000000000000e+02 1.757850861148732996e-20
8.490000000000000000e+02 1.579028623087695478e-20
8.500000000000000000e+02 1.418218350008754898e-20
8.510000000000000000e+02 1.273624249612047262e-20
8.520000000000000000e+02 1.143627683649309296e-20
8.530000000000000000e+02 1.026769882564328343e-20
8.540000000000000000e+02 9.217363275984583261e-21
8.550000000000000000e+02 8.273426414008150862e-21
8.560000000000000000e+02 7.425218431505183724e-21
8.570000000000000000e+02 6.663128377748498122e-21
8.580000000000000000e+02 5.978500211602401804e-21
8.590000000000000000e+02 5.363538944178317692e-21
8.600000000000000000e+02 4.811225903885853247e-21
8.610000000000000000e+02 4.315242247496112858e-21
8.620000000000000000e+02 3.869899924013950762e-21
8.630000000000000000e+02 3.470079373539649697e-21
8.640000000000000000e+02 3.111173311609946332e-21
8.650000000000000000e+02 2.789036011397938067e-21
8.660000000000000000e+02 2.499937552217785508e-21
8.670000000000000000e+02 2.240522553563116374e-21
8.680000000000000000e+02 2.007772959898921731e-21
8.690000000000000000e+02 1.798974483073024935e-21
8.700000000000000000e+02 1.611686346919198052e-21
8.710000000000000000e+02 1.443714012757336604e-21
8.720000000000000000e+02 1.293084595391994905e-21
8.730000000000000000e+02 1.158024707171636515e-21
8.740000000000000000e+02 1.036940492972171563e-21
8.750000000000000000e+02 9.283996418600600078e-22
8.760000000000000000e+02 8.311151818986893415e-22
8.770000000000000000e+02 7.439308832926645262e-22
8.780000000000000000e+02 6.658081120043455333e-22
8.790000000000000000e+02 5.958139912949063083e-22
8.800000000000000000e+02 5.331107424914123113e-22
8.810000000000000000e+02 4.769460888010075310e-22
8.820000000000000000e+02 4.266446173095899118e-22
8.830000000000000000e+02 3.816000045293645048e-22
8.840000000000000000e+02 3.412680201008793090e-22
8.850000000000000000e+02 3.051602316046560849e-22
8.860000000000000000e+02 2.728383409801976676e-22
8.870000000000000000e+02 2.439090898629480011e-22
8.880000000000000000e+02 2.180196773025803558e-22
8.890000000000000000e+02 1.948536388818873947e-22
8.900000000000000000e+02 1.741271412717866023e-22
8.910000000000000000e+02 1.555856507862763533e-22
8.920000000000000000e+02 1.390009385885482211e-22
8.930000000000000000e+02 1.241683888882368084e-22
8.940000000000000000e+02 1.109045797983782524e-22
8.950000000000000000e+02 9.904510952386579157e-23
8.960000000000000000e+02 8.844264326241366269e-23
8.970000000000000000e+02 7.896515864269482637e-23
8.980000000000000000e+02 7.049436972817942455e-23
8.990000000000000000e+02 6.292431160249877056e-23
9.000000000000000000e+02 5.616006934391015734e-23
9.010000000000000000e+02 5.011663681168576188e-23
9.020000000000000000e+02 4.471789212316316485e-23
9.030000000000000000e+02 3.989567801231605282e-23
9.040000000000000000e+02 3.558897644306210307e-23
9.050000000000000000e+02 3.174316791581986859e-23
9.060000000000000000e+02 2.830936686550187316e-23
9.070000000000000000e+02 2.524382541353807682e-23
9.080000000000000000e+02 2.250739851502590644e-23
9.090000000000000000e+02 2.006506424312942671e-23
9.100000000000000000e+02 1.788549358401942292e-23
9.110000000000000000e+02 1.594066468385310851e-23
9.120000000000000000e+02 1.420551700074027639e-23
9.130000000000000000e+02 1.265764127493504554e-23
9.140000000000000000e+02 1.127700164469409776e-23
9.150000000000000000e+02 1.004568660791344184e-23
9.160000000000000000e+02 8.947685864915681314e-24
9.170000000000000000e+02 7.968690379320121826e-24
9.180000000000000000e+02 7.095913265142434800e-24
9.190000000000000000e+02 6.317929352155756729e-24
9.200000000000000000e+02 5.624531500824398735e-24
9.210000000000000000e+02 5.006601935253430695e-24
9.220000000000000000e+02 4.455997039791842851e-24
9.230000000000000000e+02 3.965444224177710223e-24
9.240000000000000000e+02 3.528449605220489275e-24
9.250000000000000000e+02 3.139215381595951728e-24
9.260000000000000000e+02 2.792565893840987801e-24
9.270000000000000000e+02 2.483881465394042840e-24
9.280000000000000000e+02 2.209039213714357434e-24
9.290000000000000000e+02 1.964360104195385264e-24
9.300000000000000000e+02 1.746561594723262118e-24
9.310000000000000000e+02 1.552715286185051557e-24
9.320000000000000000e+02 1.380209054778377478e-24
9.330000000000000000e+02 1.226713196316343965e-24
9.340000000000000000e+02 1.090150161486362763e-24
9.350000000000000000e+02 9.686675047760406105e-25
9.360000000000000000e+02 8.606137090332264181e-25
9.370000000000000000e+02 7.645165828376639209e-25
9.380000000000000000e+02 6.790639594419654319e-25
9.390000000000000000e+02 6.030864543592077804e-25
9.400000000000000000e+02 5.355420640667821570e-25
9.410000000000000000e+02 4.755024110608936982e-25
9.420000000000000000e+02 4.221404609021817305e-25
9.430000000000000000e+02 3.747195551819739184e-25
9.440000000000000000e+02 3.325836207286973074e-25
9.450000000000000000e+02 2.951484300593429504e-25
9.460000000000000000e+02 2.618938012377809991e-25
9.470000000000000000e+02 2.323566370871513532e-25
9.480000000000000000e+02 2.061247142592148903e-25
9.490000000000000000e+02 1.828311421165334594e-25
9.500000000000000000e+02 1.621494198474196673e-25
9.510000000000000000e+02 1.437890278115272717e-25
9.520000000000000000e+02 1.274914958972207001e-25
9.530000000000000000e+02 1.130268977432809148e-25
9.540000000000000000e+02 1.001907251107838264e-25
9.550000000000000000e+02 8.880110155272504578e-26
9.560000000000000000e+02 7.869629887853180693e-26
9.570000000000000000e+02 6.973252380152737841e-26
9.580000000000000000e+02 6.178194563753963169e-26
9.590000000000000000e+02 5.473093903510542452e-26
9.600000000000000000e+02 4.847851850064746488e-26
9.610000000000000000e+02 4.293494397008518967e-26
9.620000000000000000e+02 3.802047890251070443e-26
9.630000000000000000e+02 3.366428435956661109e-26
9.640000000000000000e+02 2.980343431078764833e-26
9.650000000000000000e+02 2.638203899272722947e-26
9.660000000000000000e+02 2.335046456806302205e-26
9.670000000000000000e+02 2.066463859794701164e-26
9.680000000000000000e+02 1.828543197260430484e-26
9.690000000000000000e+02 1.617810895592345223e-26
9.700000000000000000e+02 1.431183790230964997e-26
9.710000000000000000e+02 1.265925600989198450e-26
9.720000000000000000e+02 1.119608219352926162e-26
9.730000000000000000e+02 9.900772803149074966e-27
9.740000000000000000e+02 8.754215485997084333e-27
9.750000000000000000e+02 7.739457002722284053e-27
9.760000000000000000e+02 6.841461263464669372e-27
9.770000000000000000e+02 6.046894257117583250e-27
9.780000000000000000e+02 5.343932909983270485e-27
9.790000000000000000e+02 4.722095233820915072e-27
9.800000000000000000e+02 4.172089412014679565e-27
9.810000000000000000e+02 3.685679730022581151e-27
9.820000000000000000e+02 3.255567485765876179e-27
9.830000000000000000e+02 2.875285220187733886e-27
9.840000000000000000e+02 2.539102790531130542e-27
9.850000000000000000e+02 2.241943971356399543e-27
9.860000000000000000e+02 1.979312413082273316e-27
9.870000000000000000e+02 1.747225916799761352e-27
9.880000000000000000e+02 1.542158098987319734e-27
9.890000000000000000e+02 1.360986622070116215e-27
9.900000000000000000e+02 1.200947257880320345e-27
9.910000000000000000e+02 1.059593132202509969e-27
9.920000000000000000e+02 9.347585708134860270e-28
9.930000000000000000e+02 8.245270317184041428e-28
9.940000000000000000e+02 7.272026655066339563e-28
9.950000000000000000e+02 6.412850966734401988e-28
9.960000000000000000e+02 5.654470640641674535e-28
9.970000000000000000e+02 4.985145989086515286e-28
9.980000000000000000e+02 4.394494547726919394e-28
9.990000000000000000e+02 3.873335356471824957e-28
