0.000000000000000000e+00 1.000000000000000000e+00
1.000000000000000000e+00 9.999394373689793891e-01
2.000000000000000000e+00 9.998183231102129032e-01
3.000000000000000000e+00 9.996366792269180124e-01
4.000000000000000000e+00 9.993945387155931392e-01
5.000000000000000000e+00 9.990919455560274276e-01
6.000000000000000000e+00 9.987289546979879473e-01
7.000000000000000000e+00 9.983056320445889975e-01
8.000000000000000000e+00 9.978220544323503916e-01
9.000000000000000000e+00 9.972783096079539389e-01
1.000000000000000000e+01 9.966744962017075604e-01
1.100000000000000000e+01 9.960107236977282508e-01
1.200000000000000000e+01 9.952871124008563219e-01
1.300000000000000000e+01 9.945037934003155833e-01
1.400000000000000000e+01 9.936609085301337796e-01
1.500000000000000000e+01 9.927586103263411621e-01
1.600000000000000000e+01 9.917970619809645116e-01
1.700000000000000000e+01 9.907764372928365981e-01
1.800000000000000000e+01 9.896969206152406162e-01
1.900000000000000000e+01 9.885587068004136890e-01
2.000000000000000000e+01 9.873620011409308672e-01
2.100000000000000000e+01 9.861070193079954915e-01
2.200000000000000000e+01 9.847939872866616762e-01
2.300000000000000000e+01 9.834231413080156692e-01
2.400000000000000000e+01 9.819947277783450668e-01
2.500000000000000000e+01 9.805090032053256355e-01
2.600000000000000000e+01 9.789662341212560515e-01
2.700000000000000000e+01 9.773666970033740853e-01
2.800000000000000000e+01 9.757106781912857629e-01
2.900000000000000000e+01 9.739984738015432519e-01
3.000000000000000000e+01 9.722303896394072220e-01
3.100000000000000000e+01 9.704067411078298733e-01
3.200000000000000000e+01 9.685278531136962687e-01
3.300000000000000000e+01 9.665940599713643833e-01
3.400000000000000000e+01 9.646057053035427264e-01
3.500000000000000000e+01 9.625631419395466182e-01
3.600000000000000000e+01 9.604667318109765262e-01
3.700000000000000000e+01 9.583168458448597660e-01
3.800000000000000000e+01 9.561138638543019708e-01
3.900000000000000000e+01 9.538581744266908524e-01
4.000000000000000000e+01 9.515501748095013257e-01
4.100000000000000000e+01 9.491902707937452943e-01
4.200000000000000000e+01 9.467788765951182794e-01
4.300000000000000000e+01 9.443164147328872993e-01
4.400000000000000000e+01 9.418033159065726245e-01
4.500000000000000000e+01 9.392400188704724817e-01
4.600000000000000000e+01 9.366269703060822183e-01
4.700000000000000000e+01 9.339646246924591111e-01
4.800000000000000000e+01 9.312534441745865532e-01
4.900000000000000000e+01 9.284938984297904652e-01
5.000000000000000000e+01 9.256864645322613327e-01
5.100000000000000000e+01 9.228316268157374935e-01
5.200000000000000000e+01 9.199298767344047389e-01
5.300000000000000000e+01 9.169817127220670772e-01
5.400000000000000000e+01 9.139876400496468323e-01
5.500000000000000000e+01 9.109481706810693691e-01
5.600000000000000000e+01 9.078638231275909520e-01
5.700000000000000000e+01 9.047351223006272480e-01
5.800000000000000000e+01 9.015625993631409818e-01
5.900000000000000000e+01 8.983467915796473635e-01
6.000000000000000000e+01 8.950882421648967968e-01
6.100000000000000000e+01 8.917875001312935979e-01
6.200000000000000000e+01 8.884451201351121208e-01
6.300000000000000000e+01 8.850616623215685763e-01
6.400000000000000000e+01 8.816376921688100499e-01
6.500000000000000000e+01 8.781737803308816703e-01
6.600000000000000000e+01 8.746705024797312156e-01
6.700000000000000000e+01 8.711284391463145482e-01
6.800000000000000000e+01 8.675481755608605017e-01
6.900000000000000000e+01 8.639303014923580548e-01
7.000000000000000000e+01 8.602754110873275240e-01
7.100000000000000000e+01 8.565841027079348358e-01
7.200000000000000000e+01 8.528569787695139404e-01
7.300000000000000000e+01 8.490946455775549850e-01
7.400000000000000000e+01 8.452977131642226416e-01
7.500000000000000000e+01 8.414667951244638733e-01
7.600000000000000000e+01 8.376025084517677577e-01
7.700000000000000000e+01 8.337054733736375400e-01
7.800000000000000000e+01 8.297763131868367559e-01
7.900000000000000000e+01 8.258156540924688205e-01
8.000000000000000000e+01 8.218241250309521462e-01
8.100000000000000000e+01 8.178023575169502957e-01
8.200000000000000000e+01 8.137509854743175675e-01
8.300000000000000000e+01 8.096706450711188552e-01
8.400000000000000000e+01 8.055619745547848431e-01
8.500000000000000000e+01 8.014256140874600476e-01
8.600000000000000000e+01 7.972622055816034337e-01
8.700000000000000000e+01 7.930723925358995618e-01
8.800000000000000000e+01 7.888568198715378843e-01
8.900000000000000000e+01 7.846161337689180337e-01
9.000000000000000000e+01 7.803509815048378373e-01
9.100000000000000000e+01 7.760620112902207879e-01
9.200000000000000000e+01 7.717498721084378177e-01
9.300000000000000000e+01 7.674152135542809949e-01
9.400000000000000000e+01 7.630586856736403245e-01
9.500000000000000000e+01 7.586809388039423840e-01
9.600000000000000000e+01 7.542826234154003107e-01
9.700000000000000000e+01 7.498643899531297619e-01
9.800000000000000000e+01 7.454268886801834748e-01
9.900000000000000000e+01 7.409707695215557166e-01
1.000000000000000000e+02 7.364966819092062522e-01
1.010000000000000000e+02 7.320052746281555667e-01
1.020000000000000000e+02 7.274971956637001913e-01
1.030000000000000000e+02 7.229730920497959845e-01
1.040000000000000000e+02 7.184336097186585501e-01
1.050000000000000000e+02 7.138793933516257573e-01
1.060000000000000000e+02 7.093110862313313225e-01
1.070000000000000000e+02 7.047293300952316430e-01
1.080000000000000000e+02 7.001347649905331760e-01
1.090000000000000000e+02 6.955280291305621088e-01
1.100000000000000000e+02 6.909097587526193962e-01
1.110000000000000000e+02 6.862805879773634654e-01
1.120000000000000000e+02 6.816411486697617761e-01
1.130000000000000000e+02 6.769920703016488739e-01
1.140000000000000000e+02 6.723339798159335690e-01
1.150000000000000000e+02 6.676675014924902118e-01
1.160000000000000000e+02 6.629932568157722583e-01
1.170000000000000000e+02 6.583118643441850937e-01
1.180000000000000000e+02 6.536239395812512010e-01
1.190000000000000000e+02 6.489300948486038667e-01
1.200000000000000000e+02 6.442309391608406210e-01
1.210000000000000000e+02 6.395270781022708295e-01
1.220000000000000000e+02 6.348191137055853028e-01
1.230000000000000000e+02 6.301076443324806764e-01
1.240000000000000000e+02 6.253932645562668702e-01
1.250000000000000000e+02 6.206765650464838302e-01
1.260000000000000000e+02 6.159581324555570836e-01
1.270000000000000000e+02 6.112385493075157550e-01
1.280000000000000000e+02 6.065183938887990234e-01
1.290000000000000000e+02 6.017982401411732241e-01
1.300000000000000000e+02 5.970786575567847976e-01
1.310000000000000000e+02 5.923602110753677374e-01
1.320000000000000000e+02 5.876434609836268530e-01
1.330000000000000000e+02 5.829289628168180526e-01
1.340000000000000000e+02 5.782172672625410792e-01
1.350000000000000000e+02 5.735089200667633502e-01
1.360000000000000000e+02 5.688044619420917769e-01
1.370000000000000000e+02 5.641044284783052198e-01
1.380000000000000000e+02 5.594093500551644560e-01
1.390000000000000000e+02 5.547197517575099823e-01
1.400000000000000000e+02 5.500361532926615338e-01
1.410000000000000000e+02 5.453590689101279754e-01
1.420000000000000000e+02 5.406890073236394478e-01
1.430000000000000000e+02 5.360264716355084280e-01
1.440000000000000000e+02 5.313719592633289190e-01
1.450000000000000000e+02 5.267259618690187661e-01
1.460000000000000000e+02 5.220889652902114264e-01
1.470000000000000000e+02 5.174614494740021886e-01
1.480000000000000000e+02 5.128438884130501751e-01
1.490000000000000000e+02 5.082367500840414554e-01
1.500000000000000000e+02 5.036404963885110497e-01
1.510000000000000000e+02 4.990555830960281547e-01
1.520000000000000000e+02 4.944824597897404250e-01
1.530000000000000000e+02 4.899215698142773134e-01
1.540000000000000000e+02 4.853733502260105803e-01
1.550000000000000000e+02 4.808382317456661448e-01
1.560000000000000000e+02 4.763166387132848900e-01
1.570000000000000000e+02 4.718089890455258728e-01
1.580000000000000000e+02 4.673156941953051646e-01
1.590000000000000000e+02 4.628371591137642183e-01
1.600000000000000000e+02 4.583737822145581009e-01
1.610000000000000000e+02 4.539259553404552117e-01
1.620000000000000000e+02 4.494940637322381027e-01
1.630000000000000000e+02 4.450784859998949128e-01
1.640000000000000000e+02 4.406795940960887004e-01
1.650000000000000000e+02 4.362977532918930756e-01
1.660000000000000000e+02 4.319333221547799750e-01
1.670000000000000000e+02 4.275866525288454234e-01
1.680000000000000000e+02 4.232580895172579627e-01
1.690000000000000000e+02 4.189479714669147592e-01
1.700000000000000000e+02 4.146566299552875146e-01
1.710000000000000000e+02 4.103843897794413609e-01
1.720000000000000000e+02 4.061315689472090873e-01
1.730000000000000000e+02 4.018984786705004364e-01
1.740000000000000000e+02 3.976854233607283740e-01
1.750000000000000000e+02 3.934927006263311822e-01
1.760000000000000000e+02 3.893206012723696152e-01
1.770000000000000000e+02 3.851694093021776344e-01
1.780000000000000000e+02 3.810394019210441852e-01
1.790000000000000000e+02 3.769308495419036453e-01
1.800000000000000000e+02 3.728440157930110743e-01
1.810000000000000000e+02 3.687791575275779499e-01
1.820000000000000000e+02 3.647365248353449108e-01
1.830000000000000000e+02 3.607163610560645828e-01
1.840000000000000000e+02 3.567189027948707292e-01
1.850000000000000000e+02 3.527443799395055812e-01
1.860000000000000000e+02 3.487930156793803138e-01
1.870000000000000000e+02 3.448650265264402992e-01
1.880000000000000000e+02 3.409606223378082168e-01
1.890000000000000000e+02 3.370800063401763191e-01
1.900000000000000000e+02 3.332233751559199875e-01
1.910000000000000000e+02 3.293909188309028235e-01
1.920000000000000000e+02 3.255828208639451882e-01
1.930000000000000000e+02 3.217992582379252120e-01
1.940000000000000000e+02 3.180404014524829126e-01
1.950000000000000000e+02 3.143064145582972757e-01
1.960000000000000000e+02 3.105974551929053251e-01
1.970000000000000000e+02 3.069136746180320952e-01
1.980000000000000000e+02 3.032552177584005304e-01
1.990000000000000000e+02 2.996222232419897269e-01
2.000000000000000000e+02 2.960148234417102064e-01
2.010000000000000000e+02 2.924331445184632505e-01
2.020000000000000000e+02 2.888773064655535405e-01
2.030000000000000000e+02 2.853474231544212425e-01
2.040000000000000000e+02 2.818436023816628944e-01
2.050000000000000000e+02 2.783659459173062900e-01
2.060000000000000000e+02 2.749145495543085516e-01
2.070000000000000000e+02 2.714895031592435282e-01
2.080000000000000000e+02 2.680908907241451589e-01
2.090000000000000000e+02 2.647187904194749919e-01
2.100000000000000000e+02 2.613732746481794988e-01
2.110000000000000000e+02 2.580544101008048763e-01
2.120000000000000000e+02 2.547622578116353620e-01
2.130000000000000000e+02 2.514968732158230358e-01
2.140000000000000000e+02 2.482583062074740499e-01
2.150000000000000000e+02 2.450466011986604242e-01
2.160000000000000000e+02 2.418617971793220189e-01
2.170000000000000000e+02 2.387039277780271251e-01
2.180000000000000000e+02 2.355730213235580350e-01
2.190000000000000000e+02 2.324691009072887282e-01
2.200000000000000000e+02 2.293921844463215620e-01
2.210000000000000000e+02 2.263422847473507971e-01
2.220000000000000000e+02 2.233194095712197069e-01
2.230000000000000000e+02 2.203235616981391864e-01
2.240000000000000000e+02 2.173547389935354957e-01
2.250000000000000000e+02 2.144129344744946930e-01
2.260000000000000000e+02 2.114981363767720612e-01
2.270000000000000000e+02 2.086103282223346900e-01
2.280000000000000000e+02 2.057494888874054351e-01
2.290000000000000000e+02 2.029155926709770852e-01
2.300000000000000000e+02 2.001086093637654828e-01
2.310000000000000000e+02 1.973285043175707909e-01
2.320000000000000000e+02 1.945752385150161523e-01
2.330000000000000000e+02 1.918487686396333214e-01
2.340000000000000000e+02 1.891490471462653200e-01
2.350000000000000000e+02 1.864760223317562249e-01
2.360000000000000000e+02 1.838296384058985822e-01
2.370000000000000000e+02 1.812098355626089730e-01
2.380000000000000000e+02 1.786165500513031412e-01
2.390000000000000000e+02 1.760497142484421795e-01
2.400000000000000000e+02 1.735092567292211285e-01
2.410000000000000000e+02 1.709951023393722624e-01
2.420000000000000000e+02 1.685071722670557770e-01
2.430000000000000000e+02 1.660453841148102627e-01
2.440000000000000000e+02 1.636096519715362629e-01
2.450000000000000000e+02 1.611998864844870483e-01
2.460000000000000000e+02 1.588159949312391295e-01
2.470000000000000000e+02 1.564578812916189166e-01
2.480000000000000000e+02 1.541254463195577407e-01
2.490000000000000000e+02 1.518185876148529512e-01
2.500000000000000000e+02 1.495371996948084703e-01
2.510000000000000000e+02 1.472811740657320179e-01
2.520000000000000000e+02 1.450503992942649700e-01
2.530000000000000000e+02 1.428447610785215649e-01
2.540000000000000000e+02 1.406641423190149731e-01
2.550000000000000000e+02 1.385084231893474183e-01
2.560000000000000000e+02 1.363774812066428921e-01
2.570000000000000000e+02 1.342711913017009540e-01
2.580000000000000000e+02 1.321894258888500207e-01
2.590000000000000000e+02 1.301320549354806622e-01
2.600000000000000000e+02 1.280989460312373929e-01
2.610000000000000000e+02 1.260899644568508338e-01
2.620000000000000000e+02 1.241049732525896232e-01
2.630000000000000000e+02 1.221438332863141463e-01
2.640000000000000000e+02 1.202064033211139304e-01
2.650000000000000000e+02 1.182925400825100698e-01
2.660000000000000000e+02 1.164020983252060659e-01
2.670000000000000000e+02 1.145349308993698634e-01
2.680000000000000000e+02 1.126908888164309536e-01
2.690000000000000000e+02 1.108698213143757411e-01
2.700000000000000000e+02 1.090715759225272391e-01
2.710000000000000000e+02 1.072959985257920523e-01
2.720000000000000000e+02 1.055429334283620041e-01
2.730000000000000000e+02 1.038122234168547681e-01
2.740000000000000000e+02 1.021037098228812778e-01
2.750000000000000000e+02 1.004172325850251485e-01
2.760000000000000000e+02 9.875263031022306348e-02
2.770000000000000000e+02 9.710974033453254051e-02
2.780000000000000000e+02 9.548839878327605724e-02
2.790000000000000000e+02 9.388844063054990752e-02
2.800000000000000000e+02 9.230969975808712980e-02
2.810000000000000000e+02 9.075200901346365534e-02
2.820000000000000000e+02 8.921520026763817002e-02
2.830000000000000000e+02 8.769910447181607227e-02
2.840000000000000000e+02 8.620355171362810431e-02
2.850000000000000000e+02 8.472837127261538537e-02
2.860000000000000000e+02 8.327339167501261741e-02
2.870000000000000000e+02 8.183844074782140043e-02
2.880000000000000000e+02 8.042334567216681551e-02
2.890000000000000000e+02 7.902793303592969831e-02
2.900000000000000000e+02 7.765202888564899653e-02
2.910000000000000000e+02 7.629545877768700857e-02
2.920000000000000000e+02 7.495804782865313209e-02
2.930000000000000000e+02 7.363962076507982180e-02
2.940000000000000000e+02 7.234000197234646823e-02
2.950000000000000000e+02 7.105901554284668742e-02
2.960000000000000000e+02 6.979648532339484401e-02
2.970000000000000000e+02 6.855223496186818588e-02
2.980000000000000000e+02 6.732608795308164806e-02
2.990000000000000000e+02 6.611786768389174562e-02
3.000000000000000000e+02 6.492739747752791779e-02
3.010000000000000000e+02 6.375450063714845073e-02
3.020000000000000000e+02 6.259900048861968824e-02
3.030000000000000000e+02 6.146072042251672640e-02
3.040000000000000000e+02 6.033948393534492582e-02
3.050000000000000000e+02 5.923511466998120090e-02
3.060000000000000000e+02 5.814743645533485689e-02
3.070000000000000000e+02 5.707627334522800966e-02
3.080000000000000000e+02 5.602144965649562963e-02
3.090000000000000000e+02 5.498279000630602181e-02
3.100000000000000000e+02 5.396011934870273419e-02
3.110000000000000000e+02 5.295326301036877570e-02
3.120000000000000000e+02 5.196204672561512139e-02
3.130000000000000000e+02 5.098629667059499659e-02
3.140000000000000000e+02 5.002583949674638958e-02
3.150000000000000000e+02 4.908050236346470779e-02
3.160000000000000000e+02 4.815011297000902635e-02
3.170000000000000000e+02 4.723449958664394099e-02
3.180000000000000000e+02 4.633349108502123753e-02
3.190000000000000000e+02 4.544691696780393114e-02
3.200000000000000000e+02 4.457460739753733858e-02
3.210000000000000000e+02 4.371639322477021555e-02
3.220000000000000000e+02 4.287210601543099686e-02
3.230000000000000000e+02 4.204157807746309455e-02
3.240000000000000000e+02 4.122464248672409737e-02
3.250000000000000000e+02 4.042113311215375648e-02
3.260000000000000000e+02 3.963088464021592705e-02
3.270000000000000000e+02 3.885373259861963496e-02
3.280000000000000000e+02 3.808951337932486164e-02
3.290000000000000000e+02 3.733806426083886160e-02
3.300000000000000000e+02 3.659922342980862636e-02
3.310000000000000000e+02 3.587283000191591326e-02
3.320000000000000000e+02 3.515872404208085500e-02
3.330000000000000000e+02 3.445674658398046458e-02
3.340000000000000000e+02 3.376673964888903673e-02
3.350000000000000000e+02 3.308854626384666320e-02
3.360000000000000000e+02 3.242201047916304368e-02
3.370000000000000000e+02 3.176697738526362835e-02
3.380000000000000000e+02 3.112329312888496499e-02
3.390000000000000000e+02 3.049080492862685579e-02
3.400000000000000000e+02 2.986936108986851246e-02
3.410000000000000000e+02 2.925881101905637022e-02
3.420000000000000000e+02 2.865900523737103037e-02
3.430000000000000000e+02 2.806979539378124180e-02
3.440000000000000000e+02 2.749103427749261669e-02
3.450000000000000000e+02 2.692257582979915367e-02
3.460000000000000000e+02 2.636427515534539232e-02
3.470000000000000000e+02 2.581598853280748715e-02
3.480000000000000000e+02 2.527757342500130261e-02
3.490000000000000000e+02 2.474888848842568198e-02
3.500000000000000000e+02 2.422979358224942523e-02
3.510000000000000000e+02 2.372014977675009420e-02
3.520000000000000000e+02 2.321981936121328763e-02
3.530000000000000000e+02 2.272866585130071601e-02
3.540000000000000000e+02 2.224655399589566332e-02
3.550000000000000000e+02 2.177334978343439115e-02
3.560000000000000000e+02 2.130892044773213811e-02
3.570000000000000000e+02 2.085313447331214876e-02
3.580000000000000000e+02 2.040586160024666224e-02
3.590000000000000000e+02 1.996697282851833330e-02
3.600000000000000000e+02 1.953634042191077294e-02
3.610000000000000000e+02 1.911383791143707669e-02
3.620000000000000000e+02 1.869934009831483376e-02
3.630000000000000000e+02 1.829272305649653693e-02
3.640000000000000000e+02 1.789386413476383442e-02
3.650000000000000000e+02 1.750264195839470668e-02
3.660000000000000000e+02 1.711893643041181509e-02
3.670000000000000000e+02 1.674262873242102559e-02
3.680000000000000000e+02 1.637360132504875332e-02
3.690000000000000000e+02 1.601173794798651032e-02
3.700000000000000000e+02 1.565692361965151380e-02
3.710000000000000000e+02 1.530904463647193500e-02
3.720000000000000000e+02 1.496798857180517937e-02
3.730000000000000000e+02 1.463364427449787356e-02
3.740000000000000000e+02 1.430590186709591524e-02
3.750000000000000000e+02 1.398465274371317284e-02
3.760000000000000000e+02 1.366978956756704187e-02
3.770000000000000000e+02 1.336120626818938610e-02
3.780000000000000000e+02 1.305879803832104245e-02
3.790000000000000000e+02 1.276246133049810036e-02
3.800000000000000000e+02 1.247209385333830460e-02
3.810000000000000000e+02 1.218759456753548513e-02
3.820000000000000000e+02 1.190886368157027461e-02
3.830000000000000000e+02 1.163580264714497367e-02
3.840000000000000000e+02 1.136831415435056621e-02
3.850000000000000000e+02 1.110630212657369789e-02
3.860000000000000000e+02 1.084967171515144498e-02
3.870000000000000000e+02 1.059832929378164840e-02
3.880000000000000000e+02 1.035218245269627427e-02
3.890000000000000000e+02 1.011113999260554973e-02
3.900000000000000000e+02 9.875111918420295329e-03
3.910000000000000000e+02 9.644009432759842113e-03
3.920000000000000000e+02 9.417744929252871294e-03
3.930000000000000000e+02 9.196231985638410322e-03
3.940000000000000000e+02 8.979385356674135857e-03
3.950000000000000000e+02 8.767120966859123787e-03
3.960000000000000000e+02 8.559355902977874159e-03
3.970000000000000000e+02 8.356008406472615821e-03
3.980000000000000000e+02 8.156997865650732552e-03
3.990000000000000000e+02 7.962244807733801985e-03
4.000000000000000000e+02 7.771670890755159357e-03
4.010000000000000000e+02 7.585198895312238003e-03
4.020000000000000000e+02 7.402752716180289842e-03
4.030000000000000000e+02 7.224257353793712630e-03
4.040000000000000000e+02 7.049638905601287968e-03
4.050000000000000000e+02 6.878824557301427625e-03
4.060000000000000000e+02 6.711742573963445924e-03
4.070000000000000000e+02 6.548322291040877680e-03
4.080000000000000000e+02 6.388494105282607055e-03
4.090000000000000000e+02 6.232189465547565733e-03
4.100000000000000000e+02 6.079340863528700720e-03
4.110000000000000000e+02 5.929881824391665737e-03
4.120000000000000000e+02 5.783746897333769121e-03
4.130000000000000000e+02 5.640871646068469115e-03
4.140000000000000000e+02 5.501192639240657170e-03
4.150000000000000000e+02 5.364647440777927344e-03
4.160000000000000000e+02 5.231174600182823473e-03
4.170000000000000000e+02 5.100713642771013273e-03
4.180000000000000000e+02 4.973205059860282169e-03
4.190000000000000000e+02 4.848590298915021919e-03
4.200000000000000000e+02 4.726811753650923820e-03
4.210000000000000000e+02 4.607812754104376358e-03
4.220000000000000000e+02 4.491537556671030759e-03
4.230000000000000000e+02 4.377931334117896381e-03
4.240000000000000000e+02 4.266940165573192625e-03
4.250000000000000000e+02 4.158511026498117220e-03
4.260000000000000000e+02 4.052591778644599671e-03
4.270000000000000000e+02 3.949131160002985509e-03
4.280000000000000000e+02 3.848078774743493753e-03
4.290000000000000000e+02 3.749385083155270908e-03
4.300000000000000000e+02 3.653001391586638454e-03
4.310000000000000000e+02 3.558879842390179783e-03
4.320000000000000000e+02 3.466973403876103931e-03
4.330000000000000000e+02 3.377235860277282703e-03
4.340000000000000000e+02 3.289621801729289245e-03
4.350000000000000000e+02 3.204086614268610890e-03
4.360000000000000000e+02 3.120586469852157895e-03
4.370000000000000000e+02 3.039078316401121627e-03
4.380000000000000000e+02 2.959519867872078321e-03
4.390000000000000000e+02 2.881869594358229744e-03
4.400000000000000000e+02 2.806086712223517746e-03
4.410000000000000000e+02 2.732131174272284593e-03
4.420000000000000000e+02 2.659963659957102419e-03
4.430000000000000000e+02 2.589545565627252889e-03
4.440000000000000000e+02 2.520838994820277876e-03
4.450000000000000000e+02 2.453806748598978162e-03
4.460000000000000000e+02 2.388412315936075392e-03
4.470000000000000000e+02 2.324619864148765123e-03
4.480000000000000000e+02 2.262394229385228731e-03
4.490000000000000000e+02 2.201700907165149868e-03
4.500000000000000000e+02 2.142506042976174020e-03
4.510000000000000000e+02 2.084776422928187687e-03
4.520000000000000000e+02 2.028479464467234771e-03
4.530000000000000000e+02 1.973583207150742848e-03
4.540000000000000000e+02 1.920056303485791899e-03
4.550000000000000000e+02 1.867868009831926681e-03
4.560000000000000000e+02 1.816988177370089603e-03
4.570000000000000000e+02 1.767387243139077269e-03
4.580000000000000000e+02 1.719036221140923457e-03
4.590000000000000000e+02 1.671906693516504120e-03
4.600000000000000000e+02 1.625970801792609756e-03
4.610000000000000000e+02 1.581201238201681430e-03
4.620000000000000000e+02 1.537571237075312236e-03
4.630000000000000000e+02 1.495054566312577129e-03
4.640000000000000000e+02 1.453625518924197288e-03
4.650000000000000000e+02 1.413258904653456665e-03
4.660000000000000000e+02 1.373930041674780800e-03
4.670000000000000000e+02 1.335614748370756366e-03
4.680000000000000000e+02 1.298289335188414998e-03
4.690000000000000000e+02 1.261930596575439739e-03
4.700000000000000000e+02 1.226515802996988634e-03
4.710000000000000000e+02 1.192022693033739601e-03
4.720000000000000000e+02 1.158429465561686090e-03
4.730000000000000000e+02 1.125714772014233672e-03
4.740000000000000000e+02 1.093857708727013654e-03
4.750000000000000000e+02 1.062837809365854789e-03
4.760000000000000000e+02 1.032635037438256985e-03
4.770000000000000000e+02 1.003229778888703331e-03
4.780000000000000000e+02 9.746028347780712978e-04
4.790000000000000000e+02 9.467354140473799133e-04
4.800000000000000000e+02 9.196091263660702200e-04
4.810000000000000000e+02 8.932059750649573755e-04
4.820000000000000000e+02 8.675083501539697459e-04
4.830000000000000000e+02 8.424990214247492617e-04
4.840000000000000000e+02 8.181611316381388411e-04
4.850000000000000000e+02 7.944781897965631692e-04
4.860000000000000000e+02 7.714340645012592469e-04
4.870000000000000000e+02 7.490129773942822257e-04
4.880000000000000000e+02 7.271994966851900348e-04
4.890000000000000000e+02 7.059785307622595645e-04
4.900000000000000000e+02 6.853353218880667893e-04
4.910000000000000000e+02 6.652554399792382769e-04
4.920000000000000000e+02 6.457247764701331714e-04
4.930000000000000000e+02 6.267295382602131168e-04
4.940000000000000000e+02 6.082562417447956752e-04
4.950000000000000000e+02 5.902917069289047953e-04
4.960000000000000000e+02 5.728230516238570725e-04
4.970000000000000000e+02 5.558376857262380512e-04
4.980000000000000000e+02 5.393233055788820493e-04
4.990000000000000000e+02 5.232678884134371123e-04
5.000000000000000000e+02 5.076596868740969196e-04
5.010000000000000000e+02 4.924872236220433032e-04
5.020000000000000000e+02 4.777392860201279119e-04
5.030000000000000000e+02 4.634049208973004702e-04
5.040000000000000000e+02 4.494734293922818605e-04
5.050000000000000000e+02 4.359343618759404181e-04
5.060000000000000000e+02 4.227775129518455987e-04
5.070000000000000000e+02 4.099929165344179957e-04
5.080000000000000000e+02 3.975708410041195115e-04
5.090000000000000000e+02 3.855017844390745230e-04
5.100000000000000000e+02 3.737764699225308812e-04
5.110000000000000000e+02 3.623858409255343465e-04
5.120000000000000000e+02 3.513210567641872968e-04
5.130000000000000000e+02 3.405734881308496447e-04
5.140000000000000000e+02 3.301347126986288395e-04
5.150000000000000000e+02 3.199965107984885935e-04
5.160000000000000000e+02 3.101508611683085693e-04
5.170000000000000000e+02 3.005899367732029316e-04
5.180000000000000000e+02 2.913061006964153096e-04
5.190000000000000000e+02 2.822919021000745428e-04
5.200000000000000000e+02 2.735400722551170507e-04
5.210000000000000000e+02 2.650435206396497905e-04
5.220000000000000000e+02 2.567953311050367635e-04
5.230000000000000000e+02 2.487887581089776165e-04
5.240000000000000000e+02 2.410172230148482876e-04
5.250000000000000000e+02 2.334743104565648964e-04
5.260000000000000000e+02 2.261537647682227770e-04
5.270000000000000000e+02 2.190494864777713384e-04
5.280000000000000000e+02 2.121555288639736419e-04
5.290000000000000000e+02 2.054660945758910785e-04
5.300000000000000000e+02 1.989755323141486503e-04
5.310000000000000000e+02 1.926783335732131061e-04
5.320000000000000000e+02 1.865691294439314940e-04
5.330000000000000000e+02 1.806426874755705128e-04
5.340000000000000000e+02 1.748939085965903748e-04
5.350000000000000000e+02 1.693178240933958104e-04
5.360000000000000000e+02 1.639095926463035927e-04
5.370000000000000000e+02 1.586644974219630325e-04
5.380000000000000000e+02 1.535779432214710719e-04
5.390000000000000000e+02 1.486454536834202155e-04
5.400000000000000000e+02 1.438626685411267001e-04
5.410000000000000000e+02 1.392253409332750021e-04
5.420000000000000000e+02 1.347293347672317480e-04
5.430000000000000000e+02 1.303706221342728505e-04
5.440000000000000000e+02 1.261452807759746607e-04
5.450000000000000000e+02 1.220494916010260781e-04
5.460000000000000000e+02 1.180795362517123389e-04
5.470000000000000000e+02 1.142317947193363030e-04
5.480000000000000000e+02 1.105027430078368904e-04
5.490000000000000000e+02 1.068889508448736189e-04
5.500000000000000000e+02 1.033870794396475054e-04
5.510000000000000000e+02 9.999387928673664542e-05
5.520000000000000000e+02 9.670618801522237436e-05
5.530000000000000000e+02 9.352092828239524599e-05
5.540000000000000000e+02 9.043510571132695058e-05
5.550000000000000000e+02 8.744580687160647618e-05
5.560000000000000000e+02 8.455019730253597154e-05
5.570000000000000000e+02 8.174551957809683949e-05
5.580000000000000000e+02 7.902909141299187311e-05
5.590000000000000000e+02 7.639830380908420922e-05
5.600000000000000000e+02 7.385061924155216602e-05
5.610000000000000000e+02 7.138356988409131016e-05
5.620000000000000000e+02 6.899475587249466523e-05
5.630000000000000000e+02 6.668184360595487512e-05
5.640000000000000000e+02 6.444256408543301714e-05
5.650000000000000000e+02 6.227471128844821904e-05
5.660000000000000000e+02 6.017614057964704556e-05
5.670000000000000000e+02 5.814476715652043575e-05
5.680000000000000000e+02 5.617856452963873045e-05
5.690000000000000000e+02 5.427556303678686249e-05
5.700000000000000000e+02 5.243384839038464840e-05
5.710000000000000000e+02 5.065156025758553676e-05
5.720000000000000000e+02 4.892689087245545538e-05
5.730000000000000000e+02 4.725808367963652375e-05
5.740000000000000000e+02 4.564343200891225532e-05
5.750000000000000000e+02 4.408127778009392363e-05
5.760000000000000000e+02 4.257001023765711760e-05
5.770000000000000000e+02 4.110806471456341331e-05
5.780000000000000000e+02 3.969392142471087851e-05
5.790000000000000000e+02 3.832610428346142214e-05
5.800000000000000000e+02 3.700317975570370776e-05
5.810000000000000000e+02 3.572375573091470007e-05
5.820000000000000000e+02 3.448648042469126888e-05
5.830000000000000000e+02 3.329004130623127079e-05
5.840000000000000000e+02 3.213316405124836723e-05
5.850000000000000000e+02 3.101461151981503572e-05
5.860000000000000000e+02 2.993318275863299821e-05
5.870000000000000000e+02 2.888771202723874735e-05
5.880000000000000000e+02 2.787706784765836676e-05
5.890000000000000000e+02 2.690015207703382380e-05
5.900000000000000000e+02 2.595589900274914086e-05
5.910000000000000000e+02 2.504327445959203389e-05
5.920000000000000000e+02 2.416127496849452161e-05
5.930000000000000000e+02 2.330892689640249723e-05
5.940000000000000000e+02 2.248528563683047142e-05
5.950000000000000000e+02 2.168943481066647780e-05
5.960000000000000000e+02 2.092048548679735270e-05
5.970000000000000000e+02 2.017757542213249940e-05
5.980000000000000000e+02 1.945986832061070068e-05
5.990000000000000000e+02 1.876655311078134764e-05
6.000000000000000000e+02 1.809684324155875349e-05
6.010000000000000000e+02 1.744997599575374758e-05
6.020000000000000000e+02 1.682521182099491343e-05
6.030000000000000000e+02 1.622183367765707939e-05
6.040000000000000000e+02 1.563914640342243289e-05
6.050000000000000000e+02 1.507647609410471983e-05
6.060000000000000000e+02 1.453316950037521012e-05
6.070000000000000000e+02 1.400859344003357124e-05
6.080000000000000000e+02 1.350213422547470927e-05
6.090000000000000000e+02 1.301319710600818029e-05
6.100000000000000000e+02 1.254120572469258020e-05
6.110000000000000000e+02 1.208560158935464137e-05
6.120000000000000000e+02 1.164584355746740790e-05
6.130000000000000000e+02 1.122140733456917434e-05
6.140000000000000000e+02 1.081178498590977568e-05
6.150000000000000000e+02 1.041648446101753484e-05
6.160000000000000000e+02 1.003502913088511730e-05
6.170000000000000000e+02 9.666957337479194996e-06
6.180000000000000000e+02 9.311821955283741277e-06
6.190000000000000000e+02 8.969189964592792669e-06
6.200000000000000000e+02 8.638642036273910327e-06
6.210000000000000000e+02 8.319772127728976624e-06
6.220000000000000000e+02 8.012187089784589879e-06
6.230000000000000000e+02 7.715506284249277138e-06
6.240000000000000000e+02 7.429361211880301411e-06
6.250000000000000000e+02 7.153395150507884734e-06
6.260000000000000000e+02 6.887262803069697221e-06
6.270000000000000000e+02 6.630629955313736787e-06
6.280000000000000000e+02 6.383173142932448932e-06
6.290000000000000000e+02 6.144579327895809844e-06
6.300000000000000000e+02 5.914545583756173150e-06
6.310000000000000000e+02 5.692778789702270755e-06
6.320000000000000000e+02 5.478995333144203426e-06
6.330000000000000000e+02 5.272920820616368598e-06
6.340000000000000000e+02 5.074289796789339520e-06
6.350000000000000000e+02 4.882845471386415114e-06
6.360000000000000000e+02 4.698339453804900096e-06
6.370000000000000000e+02 4.520531495246435518e-06
6.380000000000000000e+02 4.349189238165088348e-06
6.390000000000000000e+02 4.184087972845977844e-06
6.400000000000000000e+02 4.025010400931227211e-06
6.410000000000000000e+02 3.871746405714481833e-06
6.420000000000000000e+02 3.724092829028668872e-06
6.430000000000000000e+02 3.581853254555964482e-06
6.440000000000000000e+02 3.444837797392696575e-06
6.450000000000000000e+02 3.312862899705565595e-06
6.460000000000000000e+02 3.185751132319410439e-06
6.470000000000000000e+02 3.063331002080326229e-06
6.480000000000000000e+02 2.945436764841504102e-06
6.490000000000000000e+02 2.831908243922755877e-06
6.500000000000000000e+02 2.722590653898029693e-06
6.510000000000000000e+02 2.617334429568680739e-06
6.520000000000000000e+02 2.515995059983567565e-06
6.530000000000000000e+02 2.418432927370274644e-06
6.540000000000000000e+02 2.324513150845037330e-06
6.550000000000000000e+02 2.234105434772001014e-06
6.560000000000000000e+02 2.147083921645536265e-06
6.570000000000000000e+02 2.063327049372420458e-06
6.580000000000000000e+02 1.982717412833612284e-06
6.590000000000000000e+02 1.905141629608178449e-06
6.600000000000000000e+02 1.830490209744928676e-06
6.610000000000000000e+02 1.758657429469964840e-06
6.620000000000000000e+02 1.689541208721159260e-06
6.630000000000000000e+02 1.623042992403230519e-06
6.640000000000000000e+02 1.559067635259698655e-06
6.650000000000000000e+02 1.497523290260623411e-06
6.660000000000000000e+02 1.438321300407441094e-06
6.670000000000000000e+02 1.381376093858814766e-06
6.680000000000000000e+02 1.326605082283696897e-06
6.690000000000000000e+02 1.273928562350282056e-06
6.700000000000000000e+02 1.223269620261715941e-06
6.710000000000000000e+02 1.174554039251818640e-06
6.720000000000000000e+02 1.127710209956192725e-06
6.730000000000000000e+02 1.082669043576307098e-06
6.740000000000000000e+02 1.039363887756252749e-06
6.750000000000000000e+02 9.977304450939285431e-07
6.760000000000000000e+02 9.577066942104765594e-07
6.770000000000000000e+02 9.192328133037257322e-07
6.780000000000000000e+02 8.822511061133731273e-07
6.790000000000000000e+02 8.467059302275181277e-07
6.800000000000000000e+02 8.125436276620074112e-07
6.810000000000000000e+02 7.797124576458941784e-07
6.820000000000000000e+02 7.481625315480226076e-07
6.830000000000000000e+02 7.178457498815527929e-07
6.840000000000000000e+02 6.887157413248717557e-07
6.850000000000000000e+02 6.607278036990095315e-07
6.860000000000000000e+02 6.338388468433096677e-07
6.870000000000000000e+02 6.080073373326286516e-07
6.880000000000000000e+02 5.831932449809359768e-07
6.890000000000000000e+02 5.593579910776412292e-07
6.900000000000000000e+02 5.364643983044592098e-07
6.910000000000000000e+02 5.144766422820656575e-07
6.920000000000000000e+02 4.933602046971580550e-07
6.930000000000000000e+02 4.730818279619421864e-07
6.940000000000000000e+02 4.536094713593600113e-07
6.950000000000000000e+02 4.349122686286894426e-07
6.960000000000000000e+02 4.169604869474035048e-07
6.970000000000000000e+02 3.997254872664268887e-07
6.980000000000000000e+02 3.831796859571008979e-07
6.990000000000000000e+02 3.672965177293805257e-07
7.000000000000000000e+02 3.520503997819016696e-07
7.010000000000000000e+02 3.374166971456845806e-07
7.020000000000000000e+02 3.233716891843375061e-07
7.030000000000000000e+02 3.098925372146587115e-07
7.040000000000000000e+02 2.969572532126019029e-07
7.050000000000000000e+02 2.845446695705509922e-07
7.060000000000000000e+02 2.726344098728427089e-07
7.070000000000000000e+02 2.612068606574391665e-07
7.080000000000000000e+02 2.502431441325632692e-07
7.090000000000000000e+02 2.397250918180432150e-07
7.100000000000000000e+02 2.296352190819756947e-07
7.110000000000000000e+02 2.199567005441891672e-07
7.120000000000000000e+02 2.106733463188235266e-07
7.130000000000000000e+02 2.017695790691574552e-07
7.140000000000000000e+02 1.932304118486143040e-07
7.150000000000000000e+02 1.850414267026434288e-07
7.160000000000000000e+02 1.771887540069325878e-07
7.170000000000000000e+02 1.696590525181373073e-07
7.180000000000000000e+02 1.624394901140243926e-07
7.190000000000000000e+02 1.555177252006271767e-07
7.200000000000000000e+02 1.488818887646721884e-07
7.210000000000000000e+02 1.425205670502092019e-07
7.220000000000000000e+02 1.364227848390004419e-07
7.230000000000000000e+02 1.305779893148583521e-07
7.240000000000000000e+02 1.249760344927124855e-07
7.250000000000000000e+02 1.196071661937863287e-07
7.260000000000000000e+02 1.144620075488253715e-07
7.270000000000000000e+02 1.095315450118785335e-07
7.280000000000000000e+02 1.048071148676710738e-07
7.290000000000000000e+02 1.002803902161367955e-07
7.300000000000000000e+02 9.594336841817776964e-08
7.310000000000000000e+02 9.178835898722674949e-08
7.320000000000000000e+02 8.780797191165659991e-08
7.330000000000000000e+02 8.399510639355816842e-08
7.340000000000000000e+02 8.034293998985774751e-08
7.350000000000000000e+02 7.684491814218392120e-08
7.360000000000000000e+02 7.349474408232938741e-08
7.370000000000000000e+02 7.028636910056037356e-08
7.380000000000000000e+02 6.721398316443786780e-08
7.390000000000000000e+02 6.427200587620346462e-08
7.400000000000000000e+02 6.145507775716176368e-08
7.410000000000000000e+02 5.875805184786650924e-08
7.420000000000000000e+02 5.617598561326965284e-08
7.430000000000000000e+02 5.370413314234635018e-08
7.440000000000000000e+02 5.133793763204446026e-08
7.450000000000000000e+02 4.907302414573326907e-08
7.460000000000000000e+02 4.690519263664907148e-08
7.470000000000000000e+02 4.483041122713830413e-08
7.480000000000000000e+02 4.284480973480294737e-08
7.490000000000000000e+02 4.094467343694130926e-08
7.500000000000000000e+02 3.912643706495775179e-08
7.510000000000000000e+02 3.738667902069161477e-08
7.520000000000000000e+02 3.572211580687615494e-08
7.530000000000000000e+02 3.412959666419945504e-08
7.540000000000000000e+02 3.260609840768411668e-08
7.550000000000000000e+02 3.114872045534724381e-08
7.560000000000000000e+02 2.975468004233469809e-08
7.570000000000000000e+02 2.842130761394950335e-08
7.580000000000000000e+02 2.714604239121594471e-08
7.590000000000000000e+02 2.592642810283280491e-08
7.600000000000000000e+02 2.476010887757508529e-08
7.610000000000000000e+02 2.364482529140346579e-08
7.620000000000000000e+02 2.257841056373700473e-08
7.630000000000000000e+02 2.155878689752646982e-08
7.640000000000000000e+02 2.058396195795434860e-08
7.650000000000000000e+02 1.965202548475727095e-08
7.660000000000000000e+02 1.876114603334141240e-08
7.670000000000000000e+02 1.790956784002333984e-08
7.680000000000000000e+02 1.709560780689090129e-08
7.690000000000000000e+02 1.631765260193108561e-08
7.700000000000000000e+02 1.557415587022371422e-08
7.710000000000000000e+02 1.486363555214212523e-08
7.720000000000000000e+02 1.418467130464552613e-08
7.730000000000000000e+02 1.353590202187907421e-08
7.740000000000000000e+02 1.291602345143362445e-08
7.750000000000000000e+02 1.232378590274039936e-08
7.760000000000000000e+02 1.175799204420061365e-08
7.770000000000000000e+02 1.121749478576862328e-08
7.780000000000000000e+02 1.070119524382205886e-08
7.790000000000000000e+02 1.020804078526323567e-08
7.800000000000000000e+02 9.737023147904392220e-09
7.810000000000000000e+02 9.287176634292897247e-09
7.820000000000000000e+02 8.857576376233059129e-09
7.830000000000000000e+02 8.447336667358327331e-09
7.840000000000000000e+02 8.055609361202460568e-09
7.850000000000000000e+02 7.681582332307846418e-09
7.860000000000000000e+02 7.324477997997808609e-09
7.870000000000000000e+02 6.983551898524497689e-09
7.880000000000000000e+02 6.658091333385879005e-09
7.890000000000000000e+02 6.347414051684349162e-09
7.900000000000000000e+02 6.050866994476695524e-09
7.910000000000000000e+02 5.767825087138385806e-09
7.920000000000000000e+02 5.497690079837210660e-09
7.930000000000000000e+02 5.239889434280125240e-09
7.940000000000000000e+02 4.993875254963588939e-09
7.950000000000000000e+02 4.759123263222637812e-09
7.960000000000000000e+02 4.535131812435501203e-09
7.970000000000000000e+02 4.321420942801113765e-09
7.980000000000000000e+02 4.117531474164641882e-09
7.990000000000000000e+02 3.923024135421991441e-09
8.000000000000000000e+02 3.737478729088668370e-09
8.010000000000000000e+02 3.560493329670063836e-09
8.020000000000000000e+02 3.391683514521060420e-09
8.030000000000000000e+02 3.230681625930887508e-09
8.040000000000000000e+02 3.077136063216764172e-09
8.050000000000000000e+02 2.930710603654179430e-09
8.060000000000000000e+02 2.791083751116296158e-09
8.070000000000000000e+02 2.657948111336294114e-09
8.080000000000000000e+02 2.531009792747481258e-09
8.090000000000000000e+02 2.409987831895129430e-09
8.100000000000000000e+02 2.294613642451759077e-09
8.110000000000000000e+02 2.184630486903951107e-09
8.120000000000000000e+02 2.079792970014137868e-09
8.130000000000000000e+02 1.979866553194449770e-09
8.140000000000000000e+02 1.884627088962595155e-09
8.150000000000000000e+02 1.793860374681146444e-09
8.160000000000000000e+02 1.707361724811932338e-09
8.170000000000000000e+02 1.624935560946662971e-09
8.180000000000000000e+02 1.546395018902940649e-09
8.190000000000000000e+02 1.471561572202155793e-09
8.200000000000000000e+02 1.400264671271906826e-09
8.210000000000000000e+02 1.332341397740784463e-09
8.220000000000000000e+02 1.267636133217813342e-09
8.230000000000000000e+02 1.206000241972137553e-09
8.240000000000000000e+02 1.147291766951233017e-09
8.250000000000000000e+02 1.091375138597628048e-09
8.260000000000000000e+02 1.038120895945024779e-09
8.270000000000000000e+02 9.874054194949881138e-10
8.280000000000000000e+02 9.391106753946816654e-10
8.290000000000000000e+02 8.931239704549305363e-10
8.300000000000000000e+02 8.493377175658636377e-10
8.310000000000000000e+02 8.076492110847245309e-10
8.320000000000000000e+02 7.679604117871281281e-10
8.330000000000000000e+02 7.301777409891855057e-10
8.340000000000000000e+02 6.942118834632720736e-10
8.350000000000000000e+02 6.599775987851800013e-10
8.360000000000000000e+02 6.273935407647109949e-10
8.370000000000000000e+02 5.963820846255430347e-10
8.380000000000000000e+02 5.668691616134503287e-10
8.390000000000000000e+02 5.387841007247707296e-10
8.400000000000000000e+02 5.120594772592313880e-10
8.410000000000000000e+02 4.866309679131041537e-10
8.420000000000000000e+02 4.624372121400033958e-10
8.430000000000000000e+02 4.394196795175501025e-10
8.440000000000000000e+02 4.175225428686675494e-10
8.450000000000000000e+02 3.966925568963589722e-10
8.460000000000000000e+02 3.768789421005320338e-10
8.470000000000000000e+02 3.580332737547844980e-10
8.480000000000000000e+02 3.401093757300532557e-10
8.490000000000000000e+02 3.230632189606481722e-10
8.500000000000000000e+02 3.068528243565149545e-10
8.510000000000000000e+02 2.914381699735032279e-10
8.520000000000000000e+02 2.767811022611551131e-10
8.530000000000000000e+02 2.628452512148206735e-10
8.540000000000000000e+02 2.495959492660459489e-10
8.550000000000000000e+02 2.370001537519422158e-10
8.560000000000000000e+02 2.250263728108073447e-10
8.570000000000000000e+02 2.136445945575382936e-10
8.580000000000000000e+02 2.028262193983970735e-10
8.590000000000000000e+02 1.925439953505084019e-10
8.600000000000000000e+02 1.827719562370048982e-10
8.610000000000000000e+02 1.734853626341051915e-10
8.620000000000000000e+02 1.646606454515193104e-10
8.630000000000000000e+02 1.562753520325206390e-10
8.640000000000000000e+02 1.483080946647478030e-10
8.650000000000000000e+02 1.407385013973365731e-10
8.660000000000000000e+02 1.335471690643566495e-10
8.670000000000000000e+02 1.267156184186970804e-10
8.680000000000000000e+02 1.202262512845751484e-10
8.690000000000000000e+02 1.140623096406937127e-10
8.700000000000000000e+02 1.082078365497682476e-10
8.710000000000000000e+02 1.026476388537044391e-10
8.720000000000000000e+02 9.736725155710866783e-11
8.730000000000000000e+02 9.235290382508211847e-11
8.740000000000000000e+02 8.759148652438719085e-11
8.750000000000000000e+02 8.307052124008413287e-11
8.760000000000000000e+02 7.877813070262029662e-11
8.770000000000000000e+02 7.470301056311949072e-11
8.780000000000000000e+02 7.083440245727861037e-11
8.790000000000000000e+02 6.716206830082144107e-11
8.800000000000000000e+02 6.367626576189803469e-11
8.810000000000000000e+02 6.036772485816476777e-11
8.820000000000000000e+02 5.722762562851696605e-11
8.830000000000000000e+02 5.424757683160275553e-11
8.840000000000000000e+02 5.141959562530659020e-11
8.850000000000000000e+02 4.873608818336678886e-11
8.860000000000000000e+02 4.618983120718606410e-11
8.870000000000000000e+02 4.377395429271346226e-11
8.880000000000000000e+02 4.148192311400950283e-11
8.890000000000000000e+02 3.930752338677801193e-11
8.900000000000000000e+02 3.724484557674485535e-11
8.910000000000000000e+02 3.528827031929374385e-11
8.920000000000000000e+02 3.343245451823409756e-11
8.930000000000000000e+02 3.167231809298378559e-11
8.940000000000000000e+02 3.000303134479063623e-11
8.950000000000000000e+02 2.842000291390861117e-11
8.960000000000000000e+02 2.691886830087669049e-11
8.970000000000000000e+02 2.549547892622950958e-11
8.980000000000000000e+02 2.414589170410261105e-11
8.990000000000000000e+02 2.286635910627554082e-11
9.000000000000000000e+02 2.165331969423571223e-11
9.010000000000000000e+02 2.050338909783767094e-11
9.020000000000000000e+02 1.941335142008224878e-11
9.030000000000000000e+02 1.838015104845171862e-11
9.040000000000000000e+02 1.740088485410548927e-11
9.050000000000000000e+02 1.647279476107602761e-11
9.060000000000000000e+02 1.559326066840128998e-11
9.070000000000000000e+02 1.475979370889241431e-11
9.080000000000000000e+02 1.397002982896694486e-11
9.090000000000000000e+02 1.322172367467454283e-11
9.100000000000000000e+02 1.251274276971207491e-11
9.110000000000000000e+02 1.184106197186216261e-11
9.120000000000000000e+02 1.120475819490315478e-11
9.130000000000000000e+02 1.060200538362011150e-11
9.140000000000000000e+02 1.003106973010841486e-11
9.150000000000000000e+02 9.490305120094575207e-12
9.160000000000000000e+02 8.978148798510984608e-12
9.170000000000000000e+02 8.493117244049533377e-12
9.180000000000000000e+02 8.033802242887377284e-12
9.190000000000000000e+02 7.598867152223881825e-12
9.200000000000000000e+02 7.187043344695932882e-12
9.210000000000000000e+02 6.797126825146120085e-12
9.220000000000000000e+02 6.427975011609263188e-12
9.230000000000000000e+02 6.078503672755299702e-12
9.240000000000000000e+02 5.747684014382736478e-12
9.250000000000000000e+02 5.434539907897965248e-12
9.260000000000000000e+02 5.138145254040383853e-12
9.270000000000000000e+02 4.857621475424692721e-12
9.280000000000000000e+02 4.592135131768429063e-12
9.290000000000000000e+02 4.340895651956315798e-12
9.300000000000000000e+02 4.103153177364387693e-12
9.310000000000000000e+02 3.878196511125112105e-12
9.320000000000000000e+02 3.665351168262398431e-12
9.330000000000000000e+02 3.463977521860827092e-12
9.340000000000000000e+02 3.273469040659552094e-12
9.350000000000000000e+02 3.093250613675522930e-12
9.360000000000000000e+02 2.922776957667192077e-12
9.370000000000000000e+02 2.761531103445145128e-12
9.380000000000000000e+02 2.609022957223748711e-12
9.390000000000000000e+02 2.464787933386557701e-12
9.400000000000000000e+02 2.328385655208761417e-12
9.410000000000000000e+02 2.199398720242654247e-12
9.420000000000000000e+02 2.077431527227690322e-12
9.430000000000000000e+02 1.962109161534605028e-12
9.440000000000000000e+02 1.853076336294951250e-12
9.450000000000000000e+02 1.749996386501846597e-12
9.460000000000000000e+02 1.652550313496935240e-12
9.470000000000000000e+02 1.560435877381097761e-12
9.480000000000000000e+02 1.473366735003726781e-12
9.490000000000000000e+02 1.391071621297057101e-12
9.500000000000000000e+02 1.313293571828607702e-12
9.510000000000000000e+02 1.239789184546583982e-12
9.520000000000000000e+02 1.170327918789670472e-12
9.530000000000000000e+02 1.104691429725453856e-12
9.540000000000000000e+02 1.042672936469496251e-12
9.550000000000000000e+02 9.840766222212439023e-13
9.560000000000000000e+02 9.287170648330088213e-13
9.570000000000000000e+02 8.764186963045534199e-13
9.580000000000000000e+02 8.270152897686286074e-13
9.590000000000000000e+02 7.803494726020295584e-13
9.600000000000000000e+02 7.362722643630207107e-13
9.610000000000000000e+02 6.946426383187387301e-13
9.620000000000000000e+02 6.553271053863571421e-13
9.630000000000000000e+02 6.181993193688597815e-13
9.640000000000000000e+02 5.831397024208103075e-13
9.650000000000000000e+02 5.500350897313713390e-13
9.660000000000000000e+02 5.187783924612537350e-13
9.670000000000000000e+02 4.892682780173601036e-13
9.680000000000000000e+02 4.614088667937805595e-13
9.690000000000000000e+02 4.351094445504333890e-13
9.700000000000000000e+02 4.102841896413702616e-13
9.710000000000000000e+02 3.868519143434867077e-13
9.720000000000000000e+02 3.647358195732522907e-13
9.730000000000000000e+02 3.438632623141729728e-13
9.740000000000000000e+02 3.241655351111593604e-13
9.750000000000000000e+02 3.055776570197543221e-13
9.760000000000000000e+02 2.880381754284980448e-13
9.770000000000000000e+02 2.714889782015217324e-13
9.780000000000000000e+02 2.558751156158930604e-13
9.790000000000000000e+02 2.411446315943740279e-13
9.800000000000000000e+02 2.272484037590700409e-13
9.810000000000000000e+02 2.141399918551196598e-13
9.820000000000000000e+02 2.017754941160585699e-13
9.830000000000000000e+02 1.901134111638893319e-13
9.840000000000000000e+02 1.791145170572680903e-13
9.850000000000000000e+02 1.687417371205650881e-13
9.860000000000000000e+02 1.589600322050025385e-13
9.870000000000000000e+02 1.497362890505695500e-13
9.880000000000000000e+02 1.410392164341122389e-13
9.890000000000000000e+02 1.328392468048010345e-13
9.900000000000000000e+02 1.251084431232929696e-13
9.910000000000000000e+02 1.178204106351984357e-13
9.920000000000000000e+02 1.109502133231028386e-13
9.930000000000000000e+02 1.044742947943421935e-13
9.940000000000000000e+02 9.837040337404225874e-14
9.950000000000000000e+02 9.261752118462904413e-14
9.960000000000000000e+02 8.719579700415223835e-14
9.970000000000000000e+02 8.208648270632309185e-14
9.980000000000000000e+02 7.727187309522441488e-14
9.990000000000000000e+02 7.273524895719359709e-14
