0.000000000000000000e+00 9.999999999999998890e-01
1.000000000000000000e+00 9.999672989299274173e-01
2.000000000000000000e+00 9.999019183928822274e-01
3.000000000000000000e+00 9.998038990542438276e-01
4.000000000000000000e+00 9.996733043680243735e-01
5.000000000000000000e+00 9.995102164236292497e-01
6.000000000000000000e+00 9.993147399175438261e-01
7.000000000000000000e+00 9.990869979185894589e-01
8.000000000000000000e+00 9.988271357758873314e-01
9.000000000000000000e+00 9.985353168561732495e-01
1.000000000000000000e+01 9.982117263677735552e-01
1.100000000000000000e+01 9.978565670520125330e-01
1.200000000000000000e+01 9.974700629642825334e-01
1.300000000000000000e+01 9.970524550888730797e-01
1.400000000000000000e+01 9.966040050880137224e-01
1.500000000000000000e+01 9.961249908635708694e-01
1.600000000000000000e+01 9.956157102430104322e-01
1.700000000000000000e+01 9.950764765130364342e-01
1.800000000000000000e+01 9.945076220443358483e-01
1.900000000000000000e+01 9.939094937771206784e-01
2.000000000000000000e+01 9.932824568163849399e-01
2.100000000000000000e+01 9.926268898576137145e-01
2.200000000000000000e+01 9.919431887507411671e-01
2.300000000000000000e+01 9.912317618927204421e-01
2.400000000000000000e+01 9.904930337390955852e-01
2.500000000000000000e+01 9.897274401756900319e-01
2.600000000000000000e+01 9.889354319914034352e-01
2.700000000000000000e+01 9.881174702098791673e-01
2.800000000000000000e+01 9.872740295478161787e-01
2.900000000000000000e+01 9.864055937078256564e-01
3.000000000000000000e+01 9.855126588132379073e-01
3.100000000000000000e+01 9.845957286882071058e-01
3.200000000000000000e+01 9.836553182573231080e-01
3.300000000000000000e+01 9.826919488154931548e-01
3.400000000000000000e+01 9.817061514126083077e-01
3.500000000000000000e+01 9.806984620976808564e-01
3.600000000000000000e+01 9.796694253046177581e-01
3.700000000000000000e+01 9.786195890813352838e-01
3.800000000000000000e+01 9.775495084640357657e-01
3.900000000000000000e+01 9.764597407133328577e-01
4.000000000000000000e+01 9.753508486743934780e-01
4.100000000000000000e+01 9.742233960152064665e-01
4.200000000000000000e+01 9.730779505950872821e-01
4.300000000000000000e+01 9.719150796950730697e-01
4.400000000000000000e+01 9.707353534022297170e-01
4.500000000000000000e+01 9.695393398489104975e-01
4.600000000000000000e+01 9.683276085997408744e-01
4.700000000000000000e+01 9.671007259152613056e-01
4.800000000000000000e+01 9.658592581468433691e-01
4.900000000000000000e+01 9.646037670149557597e-01
5.000000000000000000e+01 9.633348130328412973e-01
5.100000000000000000e+01 9.620529507957815696e-01
5.200000000000000000e+01 9.607587324329204259e-01
5.300000000000000000e+01 9.594527029265943474e-01
5.400000000000000000e+01 9.581354035811830983e-01
5.500000000000000000e+01 9.568073673801682499e-01
5.600000000000000000e+01 9.554691224831127760e-01
5.700000000000000000e+01 9.541211876084613186e-01
5.800000000000000000e+01 9.527640755746829004e-01
5.900000000000000000e+01 9.513982887113527909e-01
6.000000000000000000e+01 9.500243224372846296e-01
6.100000000000000000e+01 9.486426607177858017e-01
6.200000000000000000e+01 9.472537796724515013e-01
6.300000000000000000e+01 9.458581430783117305e-01
6.400000000000000000e+01 9.444562060215500043e-01
6.500000000000000000e+01 9.430484104348839658e-01
6.600000000000000000e+01 9.416351888023961614e-01
6.700000000000000000e+01 9.402169597386431654e-01
6.800000000000000000e+01 9.387941317350967374e-01
6.900000000000000000e+01 9.373670987947549937e-01
7.000000000000000000e+01 9.359362442175324093e-01
7.100000000000000000e+01 9.345019362832540644e-01
7.200000000000000000e+01 9.330645320905222029e-01
7.300000000000000000e+01 9.316243732788421772e-01
7.400000000000000000e+01 9.301817899225240938e-01
7.500000000000000000e+01 9.287370963024758064e-01
7.600000000000000000e+01 9.272905948418872502e-01
7.700000000000000000e+01 9.258425719353459149e-01
7.800000000000000000e+01 9.243933019282404295e-01
7.900000000000000000e+01 9.229430429912801603e-01
8.000000000000000000e+01 9.214920411557141477e-01
8.100000000000000000e+01 9.200405262277887575e-01
8.200000000000000000e+01 9.185887158742335190e-01
8.300000000000000000e+01 9.171368115879221516e-01
8.400000000000000000e+01 9.156850028111419570e-01
8.500000000000000000e+01 9.142334629531733148e-01
8.600000000000000000e+01 9.127823535569798974e-01
8.700000000000000000e+01 9.113318203545535123e-01
8.800000000000000000e+01 9.098819974846176217e-01
8.900000000000000000e+01 9.084330035845917806e-01
9.000000000000000000e+01 9.069849460482514170e-01
9.100000000000000000e+01 9.055379171640506319e-01
9.200000000000000000e+01 9.040919984030985068e-01
9.300000000000000000e+01 9.026472565980128149e-01
9.400000000000000000e+01 9.012037482690433698e-01
9.500000000000000000e+01 8.997615158297077587e-01
9.600000000000000000e+01 8.983205919530080630e-01
9.700000000000000000e+01 8.968809958066953358e-01
9.800000000000000000e+01 8.954427374453820532e-01
9.900000000000000000e+01 8.940058140818060162e-01
1.000000000000000000e+02 8.925702144993921117e-01
1.010000000000000000e+02 8.911359153486069218e-01
1.020000000000000000e+02 8.897028855881685683e-01
1.030000000000000000e+02 8.882710827954700683e-01
1.040000000000000000e+02 8.868404576326471833e-01
1.050000000000000000e+02 8.854109501768530066e-01
1.060000000000000000e+02 8.839824943965430837e-01
1.070000000000000000e+02 8.825550145034789518e-01
1.080000000000000000e+02 8.811284294384273963e-01
1.090000000000000000e+02 8.797026492311282864e-01
1.100000000000000000e+02 8.782775795022303988e-01
1.110000000000000000e+02 8.768531178245275726e-01
1.120000000000000000e+02 8.754291582325176568e-01
1.130000000000000000e+02 8.740055875921288742e-01
1.140000000000000000e+02 8.725822901053644776e-01
1.150000000000000000e+02 8.711591436856569448e-01
1.160000000000000000e+02 8.697360244610042868e-01
1.170000000000000000e+02 8.683128031408980929e-01
1.180000000000000000e+02 8.668893495220213463e-01
1.190000000000000000e+02 8.654655288450873174e-01
1.200000000000000000e+02 8.640412062913782609e-01
1.210000000000000000e+02 8.626162433364961135e-01
1.220000000000000000e+02 8.611905022293019352e-01
1.230000000000000000e+02 8.597638423356087634e-01
1.240000000000000000e+02 8.583361246059940663e-01
1.250000000000000000e+02 8.569072078975433771e-01
1.260000000000000000e+02 8.554769534310582291e-01
1.270000000000000000e+02 8.540452210939877276e-01
1.280000000000000000e+02 8.526118738744152825e-01
1.290000000000000000e+02 8.511767741504651097e-01
1.300000000000000000e+02 8.497397880978334594e-01
1.310000000000000000e+02 8.483007819559732487e-01
1.320000000000000000e+02 8.468596264171214250e-01
1.330000000000000000e+02 8.454161928614412069e-01
1.340000000000000000e+02 8.439703577244729304e-01
1.350000000000000000e+02 8.425219987081099537e-01
1.360000000000000000e+02 8.410709991152172105e-01
1.370000000000000000e+02 8.396172440389579883e-01
1.380000000000000000e+02 8.381606246666960525e-01
1.390000000000000000e+02 8.367010344370992003e-01
1.400000000000000000e+02 8.352383733209999273e-01
1.410000000000000000e+02 8.337725439436233232e-01
1.420000000000000000e+02 8.323034558364253988e-01
1.430000000000000000e+02 8.308310215334006044e-01
1.440000000000000000e+02 8.293551607859100949e-01
1.450000000000000000e+02 8.278757966324111761e-01
1.460000000000000000e+02 8.263928595829366230e-01
1.470000000000000000e+02 8.249062836527224496e-01
1.480000000000000000e+02 8.234160105222112502e-01
1.490000000000000000e+02 8.219219855372269512e-01
1.500000000000000000e+02 8.204241618368296463e-01
1.510000000000000000e+02 8.189224963291943382e-01
1.520000000000000000e+02 8.174169537838512634e-01
1.530000000000000000e+02 8.159075027796840462e-01
1.540000000000000000e+02 8.143941197712097901e-01
1.550000000000000000e+02 8.128767850019211760e-01
1.560000000000000000e+02 8.113554865476199085e-01
1.570000000000000000e+02 8.098302162022438244e-01
1.580000000000000000e+02 8.083009734904246235e-01
1.590000000000000000e+02 8.067677615333878061e-01
1.600000000000000000e+02 8.052305910321838622e-01
1.610000000000000000e+02 8.036894761079893534e-01
1.620000000000000000e+02 8.021444382667113349e-01
1.630000000000000000e+02 8.005955022107867913e-01
1.640000000000000000e+02 7.990426997848874002e-01
1.650000000000000000e+02 7.974860657693229049e-01
1.660000000000000000e+02 7.959256418003860523e-01
1.670000000000000000e+02 7.943614721500424913e-01
1.680000000000000000e+02 7.927936076267949606e-01
1.690000000000000000e+02 7.912221013351388166e-01
1.700000000000000000e+02 7.896470125666534834e-01
1.710000000000000000e+02 7.880684025406117232e-01
1.720000000000000000e+02 7.864863382820271864e-01
1.730000000000000000e+02 7.849008883544799087e-01
1.740000000000000000e+02 7.833121267212629357e-01
1.750000000000000000e+02 7.817201284715278309e-01
1.760000000000000000e+02 7.801249736735940132e-01
1.770000000000000000e+02 7.785267430884073026e-01
1.780000000000000000e+02 7.769255220220168123e-01
1.790000000000000000e+02 7.753213960316629461e-01
1.800000000000000000e+02 7.737144547719885246e-01
1.810000000000000000e+02 7.721047877037373608e-01
1.820000000000000000e+02 7.704924879331744858e-01
1.830000000000000000e+02 7.688776479209603609e-01
1.840000000000000000e+02 7.672603633252590427e-01
1.850000000000000000e+02 7.656407287065298828e-01
1.860000000000000000e+02 7.640188413775418352e-01
1.870000000000000000e+02 7.623947971122319034e-01
1.880000000000000000e+02 7.607686939962693407e-01
1.890000000000000000e+02 7.591406281471502204e-01
1.900000000000000000e+02 7.575106975681886734e-01
1.910000000000000000e+02 7.558789978746114357e-01
1.920000000000000000e+02 7.542456261609128410e-01
1.930000000000000000e+02 7.526106767313005541e-01
1.940000000000000000e+02 7.509742449795174801e-01
1.950000000000000000e+02 7.493364231330534864e-01
1.960000000000000000e+02 7.476973041395199582e-01
1.970000000000000000e+02 7.460569774278598132e-01
1.980000000000000000e+02 7.444155328069753663e-01
1.990000000000000000e+02 7.427730562371184231e-01
2.000000000000000000e+02 7.411296337484059027e-01
2.010000000000000000e+02 7.394853472236668779e-01
2.020000000000000000e+02 7.378402783322947078e-01
2.030000000000000000e+02 7.361945043334873207e-01
2.040000000000000000e+02 7.345481020211527268e-01
2.050000000000000000e+02 7.329011435464913848e-01
2.060000000000000000e+02 7.312537003814016945e-01
2.070000000000000000e+02 7.296058391534515630e-01
2.080000000000000000e+02 7.279576256318219807e-01
2.090000000000000000e+02 7.263091205786197380e-01
2.100000000000000000e+02 7.246603837502658685e-01
2.110000000000000000e+02 7.230114697719853822e-01
2.120000000000000000e+02 7.213624321528184780e-01
2.130000000000000000e+02 7.197133191784182982e-01
2.140000000000000000e+02 7.180641779474604691e-01
2.150000000000000000e+02 7.164150502770447737e-01
2.160000000000000000e+02 7.147659767603899983e-01
2.170000000000000000e+02 7.131169926906754108e-01
2.180000000000000000e+02 7.114681321318958584e-01
2.190000000000000000e+02 7.098194238647091980e-01
2.200000000000000000e+02 7.081708954713950011e-01
2.210000000000000000e+02 7.065225692961376591e-01
2.220000000000000000e+02 7.048744665507434837e-01
2.230000000000000000e+02 7.032266032859934013e-01
2.240000000000000000e+02 7.015789945140562534e-01
2.250000000000000000e+02 6.999316501974860438e-01
2.260000000000000000e+02 6.982845793807862522e-01
2.270000000000000000e+02 6.966377861968144902e-01
2.280000000000000000e+02 6.949912740109470688e-01
2.290000000000000000e+02 6.933450414361712610e-01
2.300000000000000000e+02 6.916990864941783279e-01
2.310000000000000000e+02 6.900534026386835329e-01
2.320000000000000000e+02 6.884079829263440864e-01
2.330000000000000000e+02 6.867628160543418625e-01
2.340000000000000000e+02 6.851178905356057891e-01
2.350000000000000000e+02 6.834731907467664902e-01
2.360000000000000000e+02 6.818287011128740804e-01
2.370000000000000000e+02 6.801844021575771393e-01
2.380000000000000000e+02 6.785402746985597089e-01
2.390000000000000000e+02 6.768962959023574477e-01
2.400000000000000000e+02 6.752524434818174548e-01
2.410000000000000000e+02 6.736086917598818058e-01
2.420000000000000000e+02 6.719650158665342321e-01
2.430000000000000000e+02 6.703213878048566166e-01
2.440000000000000000e+02 6.686777806532894219e-01
2.450000000000000000e+02 6.670341646278874492e-01
2.460000000000000000e+02 6.653905112878846229e-01
2.470000000000000000e+02 6.637467895988092836e-01
2.480000000000000000e+02 6.621029701327213468e-01
2.490000000000000000e+02 6.604590211340247707e-01
2.500000000000000000e+02 6.588149127151718965e-01
2.510000000000000000e+02 6.571706129169785360e-01
2.520000000000000000e+02 6.555260919050784896e-01
2.530000000000000000e+02 6.538813180218000509e-01
2.540000000000000000e+02 6.522362619785589954e-01
2.550000000000000000e+02 6.505908929051884559e-01
2.560000000000000000e+02 6.489451825312937405e-01
2.570000000000000000e+02 6.472991012320555848e-01
2.580000000000000000e+02 6.456526222023697414e-01
2.590000000000000000e+02 6.440057174909936677e-01
2.600000000000000000e+02 6.423583621711426161e-01
2.610000000000000000e+02 6.407105303635847182e-01
2.620000000000000000e+02 6.390621993970450054e-01
2.630000000000000000e+02 6.374133458261405094e-01
2.640000000000000000e+02 6.357639495775041505e-01
2.650000000000000000e+02 6.341139899589843809e-01
2.660000000000000000e+02 6.324634497974573888e-01
2.670000000000000000e+02 6.308123114327228720e-01
2.680000000000000000e+02 6.291605608483589185e-01
2.690000000000000000e+02 6.275081836541952507e-01
2.700000000000000000e+02 6.258551692030082103e-01
2.710000000000000000e+02 6.242015065662733786e-01
2.720000000000000000e+02 6.225471886361395590e-01
2.730000000000000000e+02 6.208922080890173500e-01
2.740000000000000000e+02 6.192365614796989659e-01
2.750000000000000000e+02 6.175802451889336186e-01
2.760000000000000000e+02 6.159232595084909168e-01
2.770000000000000000e+02 6.142656045790007013e-01
2.780000000000000000e+02 6.126072844595625844e-01
2.790000000000000000e+02 6.109483030584611507e-01
2.800000000000000000e+02 6.092886681902480728e-01
2.810000000000000000e+02 6.076283874930821227e-01
2.820000000000000000e+02 6.059674724796796363e-01
2.830000000000000000e+02 6.043059344407778477e-01
2.840000000000000000e+02 6.026437884864630501e-01
2.850000000000000000e+02 6.009810494431304662e-01
2.860000000000000000e+02 5.993177358807879607e-01
2.870000000000000000e+02 5.976538660035600747e-01
2.880000000000000000e+02 5.959894616686903790e-01
2.890000000000000000e+02 5.943245442647506760e-01
2.900000000000000000e+02 5.926591387270330191e-01
2.910000000000000000e+02 5.909932694062854930e-01
2.920000000000000000e+02 5.893269640754447147e-01
2.930000000000000000e+02 5.876602497959145799e-01
2.940000000000000000e+02 5.859931569140049978e-01
2.950000000000000000e+02 5.843257149222945701e-01
2.960000000000000000e+02 5.826579564531217947e-01
2.970000000000000000e+02 5.809899131307003639e-01
2.980000000000000000e+02 5.793216195637995725e-01
2.990000000000000000e+02 5.776531091941348173e-01
3.000000000000000000e+02 5.759844182826238113e-01
3.010000000000000000e+02 5.743155817593882384e-01
3.020000000000000000e+02 5.726466372049846543e-01
3.030000000000000000e+02 5.709776206975771817e-01
3.040000000000000000e+02 5.693085707966583087e-01
3.050000000000000000e+02 5.676395243853962214e-01
3.060000000000000000e+02 5.659705206560992075e-01
3.070000000000000000e+02 5.643015969548301758e-01
3.080000000000000000e+02 5.626327927635499382e-01
3.090000000000000000e+02 5.609641455496864326e-01
3.100000000000000000e+02 5.592956947490665964e-01
3.110000000000000000e+02 5.576274776149546808e-01
3.120000000000000000e+02 5.559595332080115027e-01
3.130000000000000000e+02 5.542918982454843047e-01
3.140000000000000000e+02 5.526246110948205281e-01
3.150000000000000000e+02 5.509577076302808463e-01
3.160000000000000000e+02 5.492912252266761719e-01
3.170000000000000000e+02 5.476251986230312729e-01
3.180000000000000000e+02 5.459596639224217896e-01
3.190000000000000000e+02 5.442946544572606626e-01
3.200000000000000000e+02 5.426302047990655408e-01
3.210000000000000000e+02 5.409663466285584699e-01
3.220000000000000000e+02 5.393031127501066724e-01
3.230000000000000000e+02 5.376405329727147464e-01
3.240000000000000000e+02 5.359786381277966694e-01
3.250000000000000000e+02 5.343174559578088845e-01
3.260000000000000000e+02 5.326570151440425116e-01
3.270000000000000000e+02 5.309973411985878800e-01
3.280000000000000000e+02 5.293384605029158863e-01
3.290000000000000000e+02 5.276803962082308175e-01
3.300000000000000000e+02 5.260231722787859221e-01
3.310000000000000000e+02 5.243668094043901773e-01
3.320000000000000000e+02 5.227113290495430942e-01
3.330000000000000000e+02 5.210567493726864230e-01
3.340000000000000000e+02 5.194030892872751881e-01
3.350000000000000000e+02 5.177503643854162174e-01
3.360000000000000000e+02 5.160985910085298389e-01
3.370000000000000000e+02 5.144477821813010499e-01
3.380000000000000000e+02 5.127979516862886111e-01
3.390000000000000000e+02 5.111491100089959883e-01
3.400000000000000000e+02 5.095012684196870145e-01
3.410000000000000000e+02 5.078544349231250976e-01
3.420000000000000000e+02 5.062086183520004834e-01
3.430000000000000000e+02 5.045638243213513841e-01
3.440000000000000000e+02 5.029200593286794474e-01
3.450000000000000000e+02 5.012773267187055071e-01
3.460000000000000000e+02 4.996356307860408963e-01
3.470000000000000000e+02 4.979949727480456612e-01
3.480000000000000000e+02 4.963553548548192418e-01
3.490000000000000000e+02 4.947167763639486182e-01
3.500000000000000000e+02 4.930792376597163407e-01
3.510000000000000000e+02 4.914427362320698545e-01
3.520000000000000000e+02 4.898072707985587360e-01
3.530000000000000000e+02 4.881728372918328063e-01
3.540000000000000000e+02 4.865394329824542785e-01
3.550000000000000000e+02 4.849070524701544760e-01
3.560000000000000000e+02 4.832756918128333634e-01
3.570000000000000000e+02 4.816453445168004666e-01
3.580000000000000000e+02 4.800160056710452428e-01
3.590000000000000000e+02 4.783876679406047217e-01
3.600000000000000000e+02 4.767603256993364069e-01
3.610000000000000000e+02 4.751339710285721885e-01
3.620000000000000000e+02 4.735085978491186398e-01
3.630000000000000000e+02 4.718841979188604374e-01
3.640000000000000000e+02 4.702607649688070879e-01
3.650000000000000000e+02 4.686382906971876539e-01
3.660000000000000000e+02 4.670167689060523153e-01
3.670000000000000000e+02 4.653961914969603209e-01
3.680000000000000000e+02 4.637765526023776563e-01
3.690000000000000000e+02 4.621578445826014514e-01
3.700000000000000000e+02 4.605400621550558848e-01
3.710000000000000000e+02 4.589231983857823272e-01
3.720000000000000000e+02 4.573072488200263241e-01
3.730000000000000000e+02 4.556922074685712531e-01
3.740000000000000000e+02 4.540780709342576715e-01
3.750000000000000000e+02 4.524648343982031751e-01
3.760000000000000000e+02 4.508524957385860454e-01
3.770000000000000000e+02 4.492410515139761418e-01
3.780000000000000000e+02 4.476305010791984951e-01
3.790000000000000000e+02 4.460208425600531990e-01
3.800000000000000000e+02 4.444120769675846128e-01
3.810000000000000000e+02 4.428042041670704476e-01
3.820000000000000000e+02 4.411972269845305661e-01
3.830000000000000000e+02 4.395911471739832876e-01
3.840000000000000000e+02 4.379859695152542587e-01
3.850000000000000000e+02 4.363816977748826154e-01
3.860000000000000000e+02 4.347783388007812611e-01
3.870000000000000000e+02 4.331758984730794126e-01
3.880000000000000000e+02 4.315743857946597872e-01
3.890000000000000000e+02 4.299738088368012523e-01
3.900000000000000000e+02 4.283741788198143774e-01
3.910000000000000000e+02 4.267755060556620572e-01
3.920000000000000000e+02 4.251778040205936304e-01
3.930000000000000000e+02 4.235810852892011313e-01
3.940000000000000000e+02 4.219853656042355516e-01
3.950000000000000000e+02 4.203906598010579421e-01
3.960000000000000000e+02 4.187969858715811511e-01
3.970000000000000000e+02 4.172043608849675955e-01
3.980000000000000000e+02 4.156128050414069075e-01
3.990000000000000000e+02 4.140223375890232371e-01
4.000000000000000000e+02 4.124329808717842050e-01
4.010000000000000000e+02 4.108447562372317674e-01
4.020000000000000000e+02 4.092576880823412533e-01
4.030000000000000000e+02 4.076717997538369387e-01
4.040000000000000000e+02 4.060871175874877781e-01
4.050000000000000000e+02 4.045036668066954721e-01
4.060000000000000000e+02 4.029214755532088410e-01
4.070000000000000000e+02 4.013405707817799262e-01
4.080000000000000000e+02 3.997609822881093011e-01
4.090000000000000000e+02 3.981827385953670140e-01
4.100000000000000000e+02 3.966058709811084992e-01
4.110000000000000000e+02 3.950304093598291932e-01
4.120000000000000000e+02 3.934563863037730536e-01
4.130000000000000000e+02 3.918838329259472508e-01
4.140000000000000000e+02 3.903127828954300327e-01
4.150000000000000000e+02 3.887432683169340653e-01
4.160000000000000000e+02 3.871753237467853714e-01
4.170000000000000000e+02 3.856089820668129331e-01
4.180000000000000000e+02 3.840442785003716497e-01
4.190000000000000000e+02 3.824812464862759609e-01
4.200000000000000000e+02 3.809199216902152130e-01
4.210000000000000000e+02 3.793603378810793125e-01
4.220000000000000000e+02 3.778025309408344357e-01
4.230000000000000000e+02 3.762465347384116865e-01
4.240000000000000000e+02 3.746923851433842656e-01
4.250000000000000000e+02 3.731401158975758414e-01
4.260000000000000000e+02 3.715897626297150480e-01
4.270000000000000000e+02 3.700413587309077657e-01
4.280000000000000000e+02 3.684949393669454398e-01
4.290000000000000000e+02 3.669505373575017160e-01
4.300000000000000000e+02 3.654081871909922175e-01
4.310000000000000000e+02 3.638679209027136929e-01
4.320000000000000000e+02 3.623297720957584511e-01
4.330000000000000000e+02 3.607937718205647681e-01
4.340000000000000000e+02 3.592599525974667918e-01
4.350000000000000000e+02 3.577283443030434551e-01
4.360000000000000000e+02 3.561989781929330579e-01
4.370000000000000000e+02 3.546718827924393302e-01
4.380000000000000000e+02 3.531470879253770234e-01
4.390000000000000000e+02 3.516246206051316103e-01
4.400000000000000000e+02 3.501045090705650065e-01
4.410000000000000000e+02 3.485867786818097613e-01
4.420000000000000000e+02 3.470714559581186132e-01
4.430000000000000000e+02 3.455585644820059477e-01
4.440000000000000000e+02 3.440481289398609754e-01
4.450000000000000000e+02 3.425401710300457481e-01
4.460000000000000000e+02 3.410347135117929862e-01
4.470000000000000000e+02 3.395317761151601110e-01
4.480000000000000000e+02 3.380313795966256030e-01
4.490000000000000000e+02 3.365335416561456294e-01
4.500000000000000000e+02 3.350382809946532703e-01
4.510000000000000000e+02 3.335456132393966877e-01
4.520000000000000000e+02 3.320555550061653483e-01
4.530000000000000000e+02 3.305681198275667865e-01
4.540000000000000000e+02 3.290833222242035561e-01
4.550000000000000000e+02 3.276011736358766524e-01
4.560000000000000000e+02 3.261216864978750962e-01
4.570000000000000000e+02 3.246448701803010817e-01
4.580000000000000000e+02 3.231707350659228095e-01
4.590000000000000000e+02 3.216992884961955013e-01
4.600000000000000000e+02 3.202305388549361864e-01
4.610000000000000000e+02 3.187644915157983871e-01
4.620000000000000000e+02 3.173011529339132553e-01
4.630000000000000000e+02 3.158405265968685094e-01
4.640000000000000000e+02 3.143826171190128860e-01
4.650000000000000000e+02 3.129274262000872331e-01
4.660000000000000000e+02 3.114749567205632452e-01
4.670000000000000000e+02 3.100252087042208449e-01
4.680000000000000000e+02 3.085781834193679352e-01
4.690000000000000000e+02 3.071338793412450308e-01
4.700000000000000000e+02 3.056922962588183301e-01
4.710000000000000000e+02 3.042534312406919295e-01
4.720000000000000000e+02 3.028172827417610624e-01
4.730000000000000000e+02 3.013838465749534290e-01
4.740000000000000000e+02 2.999531200183195856e-01
4.750000000000000000e+02 2.985250977873731837e-01
4.760000000000000000e+02 2.970997761471089738e-01
4.770000000000000000e+02 2.956771488827228955e-01
4.780000000000000000e+02 2.942572114138985451e-01
4.790000000000000000e+02 2.928399567684825677e-01
4.800000000000000000e+02 2.914253796940260433e-01
4.810000000000000000e+02 2.900134726344908986e-01
4.820000000000000000e+02 2.886042298416771068e-01
4.830000000000000000e+02 2.871976433492418601e-01
4.840000000000000000e+02 2.857937070872852980e-01
4.850000000000000000e+02 2.843924128537574925e-01
4.860000000000000000e+02 2.829937544277400518e-01
4.870000000000000000e+02 2.815977235428083203e-01
4.880000000000000000e+02 2.802043139956522655e-01
4.890000000000000000e+02 2.788135176192398923e-01
4.900000000000000000e+02 2.774253283909171031e-01
4.910000000000000000e+02 2.760397384002746812e-01
4.920000000000000000e+02 2.746567419581627534e-01
4.930000000000000000e+02 2.732763315615731048e-01
4.940000000000000000e+02 2.718985019981911000e-01
4.950000000000000000e+02 2.705232463119652819e-01
4.960000000000000000e+02 2.691505599021083439e-01
4.970000000000000000e+02 2.677804364854190489e-01
4.980000000000000000e+02 2.664128721945498435e-01
4.990000000000000000e+02 2.650478615335745136e-01
5.000000000000000000e+02 2.636854014748643560e-01
5.010000000000000000e+02 2.623254874119597679e-01
5.020000000000000000e+02 2.609681172498141133e-01
5.030000000000000000e+02 2.596132873570384803e-01
5.040000000000000000e+02 2.582609966508621069e-01
5.050000000000000000e+02 2.569112425438179192e-01
5.060000000000000000e+02 2.555640250279647696e-01
5.070000000000000000e+02 2.542193426147429380e-01
5.080000000000000000e+02 2.528771964158567642e-01
5.090000000000000000e+02 2.515375860812880671e-01
5.100000000000000000e+02 2.502005138727408373e-01
5.110000000000000000e+02 2.488659805998942598e-01
5.120000000000000000e+02 2.475339896898857139e-01
5.130000000000000000e+02 2.462045431168412846e-01
5.140000000000000000e+02 2.448776454707869976e-01
5.150000000000000000e+02 2.435532998816196948e-01
5.160000000000000000e+02 2.422315120834372948e-01
5.170000000000000000e+02 2.409122863378783397e-01
5.180000000000000000e+02 2.395956294916759544e-01
5.190000000000000000e+02 2.382815468974751327e-01
5.200000000000000000e+02 2.369700464695067843e-01
5.210000000000000000e+02 2.356611345978356920e-01
5.220000000000000000e+02 2.343548202037439854e-01
5.230000000000000000e+02 2.330511106507469898e-01
5.240000000000000000e+02 2.317500157950535267e-01
5.250000000000000000e+02 2.304515438972582764e-01
5.260000000000000000e+02 2.291557056679808246e-01
5.270000000000000000e+02 2.278625101767588479e-01
5.280000000000000000e+02 2.265719688982046065e-01
5.290000000000000000e+02 2.252840916157344275e-01
5.300000000000000000e+02 2.239988904677482073e-01
5.310000000000000000e+02 2.227163758510164737e-01
5.320000000000000000e+02 2.214365604625273820e-01
5.330000000000000000e+02 2.201594552046788889e-01
5.340000000000000000e+02 2.188850732251317599e-01
5.350000000000000000e+02 2.176134258194348803e-01
5.360000000000000000e+02 2.163445264736252316e-01
5.370000000000000000e+02 2.150783867640300440e-01
5.380000000000000000e+02 2.138150204001536547e-01
5.390000000000000000e+02 2.125544391270056954e-01
5.400000000000000000e+02 2.112966567650355065e-01
5.410000000000000000e+02 2.100416851149739805e-01
5.420000000000000000e+02 2.087895379988970179e-01
5.430000000000000000e+02 2.075402271631742734e-01
5.440000000000000000e+02 2.062937663238905983e-01
5.450000000000000000e+02 2.050501670697674195e-01
5.460000000000000000e+02 2.038094429080170855e-01
5.470000000000000000e+02 2.025716051720673760e-01
5.480000000000000000e+02 2.013366670663336855e-01
5.490000000000000000e+02 2.001046395766032104e-01
5.500000000000000000e+02 1.988755355187297180e-01
5.510000000000000000e+02 1.976493654480868389e-01
5.520000000000000000e+02 1.964261417132976140e-01
5.530000000000000000e+02 1.952058743683455222e-01
5.540000000000000000e+02 1.939885752267269947e-01
5.550000000000000000e+02 1.927742537796034716e-01
5.560000000000000000e+02 1.915629212508472567e-01
5.570000000000000000e+02 1.903545865174046670e-01
5.580000000000000000e+02 1.891492601701798559e-01
5.590000000000000000e+02 1.879469504345094577e-01
5.600000000000000000e+02 1.867476672356934708e-01
5.610000000000000000e+02 1.855514181241734450e-01
5.620000000000000000e+02 1.843582123413075868e-01
5.630000000000000000e+02 1.831680567505503676e-01
5.640000000000000000e+02 1.819809599058099248e-01
5.650000000000000000e+02 1.807969279838721188e-01
5.660000000000000000e+02 1.796159688592614545e-01
5.670000000000000000e+02 1.784380880376882639e-01
5.680000000000000000e+02 1.772632927341802334e-01
5.690000000000000000e+02 1.760915878122380485e-01
5.700000000000000000e+02 1.749229798618905096e-01
5.710000000000000000e+02 1.737574731435490016e-01
5.720000000000000000e+02 1.725950736697101640e-01
5.730000000000000000e+02 1.714357851487551543e-01
5.740000000000000000e+02 1.702796130724495149e-01
5.750000000000000000e+02 1.691265606613600869e-01
5.760000000000000000e+02 1.679766329535297698e-01
5.770000000000000000e+02 1.668298327553798532e-01
5.780000000000000000e+02 1.656861647298987217e-01
5.790000000000000000e+02 1.645456313499382150e-01
5.800000000000000000e+02 1.634082369902854215e-01
5.810000000000000000e+02 1.622739838795203005e-01
5.820000000000000000e+02 1.611428761959574352e-01
5.830000000000000000e+02 1.600149160212792909e-01
5.840000000000000000e+02 1.588901074352488674e-01
5.850000000000000000e+02 1.577684524734316029e-01
5.860000000000000000e+02 1.566499552210025015e-01
5.870000000000000000e+02 1.555346177700117627e-01
5.880000000000000000e+02 1.544224443164446958e-01
5.890000000000000000e+02 1.533134371148504038e-01
5.900000000000000000e+02 1.522076005765102824e-01
5.910000000000000000e+02 1.511049372255436618e-01
5.920000000000000000e+02 1.500054517936085796e-01
5.930000000000000000e+02 1.489091471778148101e-01
5.940000000000000000e+02 1.478160285341757196e-01
5.950000000000000000e+02 1.467260992322350632e-01
5.960000000000000000e+02 1.456393649504204857e-01
5.970000000000000000e+02 1.445558296272571597e-01
5.980000000000000000e+02 1.434754995547932455e-01
5.990000000000000000e+02 1.423983793306127510e-01
6.000000000000000000e+02 1.413244759461625422e-01
6.010000000000000000e+02 1.402537947378804384e-01
6.020000000000000000e+02 1.391863434740889527e-01
6.030000000000000000e+02 1.381221283005952538e-01
6.040000000000000000e+02 1.370611578277056430e-01
6.050000000000000000e+02 1.360034390722276720e-01
6.060000000000000000e+02 1.349489815398632053e-01
6.070000000000000000e+02 1.338977931671148647e-01
6.080000000000000000e+02 1.328498843978969668e-01
6.090000000000000000e+02 1.318052641220089360e-01
6.100000000000000000e+02 1.307639437503571311e-01
6.110000000000000000e+02 1.297259331467067733e-01
6.120000000000000000e+02 1.286912447012015237e-01
6.130000000000000000e+02 1.276598892589929368e-01
6.140000000000000000e+02 1.266318801873450861e-01
6.150000000000000000e+02 1.256072293032751142e-01
6.160000000000000000e+02 1.245859509353036965e-01
6.170000000000000000e+02 1.235680578457992451e-01
6.180000000000000000e+02 1.225535652916464185e-01
6.190000000000000000e+02 1.215424869399925056e-01
6.200000000000000000e+02 1.205348389257548114e-01
6.210000000000000000e+02 1.195306357653324880e-01
6.220000000000000000e+02 1.185298944071959543e-01
6.230000000000000000e+02 1.175326301439499066e-01
6.240000000000000000e+02 1.165388606590702508e-01
6.250000000000000000e+02 1.155486019329006464e-01
6.260000000000000000e+02 1.145618722888786245e-01
6.270000000000000000e+02 1.135786882943974757e-01
6.280000000000000000e+02 1.125990688031170833e-01
6.290000000000000000e+02 1.116230308553378264e-01
6.300000000000000000e+02 1.106505937143287960e-01
6.310000000000000000e+02 1.096817747648164559e-01
6.320000000000000000e+02 1.087165935477979323e-01
6.330000000000000000e+02 1.077550676534930613e-01
6.340000000000000000e+02 1.067972167564338881e-01
6.350000000000000000e+02 1.058430585058518919e-01
6.360000000000000000e+02 1.048926125570113499e-01
6.370000000000000000e+02 1.039458964628771354e-01
6.380000000000000000e+02 1.030029297017068524e-01
6.390000000000000000e+02 1.020637295671320693e-01
6.400000000000000000e+02 1.011283151970141653e-01
6.410000000000000000e+02 1.001967034597642664e-01
6.420000000000000000e+02 9.926891298439266542e-02
6.430000000000000000e+02 9.834496004749616882e-02
6.440000000000000000e+02 9.742486260064346648e-02
6.450000000000000000e+02 9.650863616035300352e-02
6.460000000000000000e+02 9.559629783489997923e-02
6.470000000000000000e+02 9.468786221353364674e-02
6.480000000000000000e+02 9.378334539728341857e-02
6.490000000000000000e+02 9.288276088713565137e-02
6.500000000000000000e+02 9.198612361695665540e-02
6.510000000000000000e+02 9.109344584564860181e-02
6.520000000000000000e+02 9.020474118926201379e-02
6.530000000000000000e+02 8.932002051751129768e-02
6.540000000000000000e+02 8.843929598881165866e-02
6.550000000000000000e+02 8.756257694726571339e-02
6.560000000000000000e+02 8.668987396390080702e-02
6.570000000000000000e+02 8.582119473577863589e-02
6.580000000000000000e+02 8.495654813013062134e-02
6.590000000000000000e+02 8.409594009022532124e-02
6.600000000000000000e+02 8.323937768096481560e-02
6.610000000000000000e+02 8.238686499989987533e-02
6.620000000000000000e+02 8.153840722892888304e-02
6.630000000000000000e+02 8.069400654718950072e-02
6.640000000000000000e+02 7.985366619021551371e-02
6.650000000000000000e+02 7.901738636794239379e-02
6.660000000000000000e+02 7.818516832725262711e-02
6.670000000000000000e+02 7.735701027844765765e-02
6.680000000000000000e+02 7.653291146149035495e-02
6.690000000000000000e+02 7.571286807767091398e-02
6.700000000000000000e+02 7.489687736417449671e-02
6.710000000000000000e+02 7.408493352890585526e-02
6.720000000000000000e+02 7.327703183256588371e-02
6.730000000000000000e+02 7.247316453079868936e-02
6.740000000000000000e+02 7.167332495972525419e-02
6.750000000000000000e+02 7.087750348683342916e-02
6.760000000000000000e+02 7.008569160192684722e-02
6.770000000000000000e+02 6.929787787245954289e-02
6.780000000000000000e+02 6.851405204359950485e-02
6.790000000000000000e+02 6.773420099756793933e-02
6.800000000000000000e+02 6.695831285999265248e-02
6.810000000000000000e+02 6.618637296750241872e-02
6.820000000000000000e+02 6.541836797709625617e-02
6.830000000000000000e+02 6.465428184120540489e-02
6.840000000000000000e+02 6.389409992326140764e-02
6.850000000000000000e+02 6.313780497571833128e-02
6.860000000000000000e+02 6.238538126385726607e-02
6.870000000000000000e+02 6.163681054796223135e-02
6.880000000000000000e+02 6.089207621106789564e-02
6.890000000000000000e+02 6.015115924877006970e-02
6.900000000000000000e+02 5.941404239901529327e-02
6.910000000000000000e+02 5.868070613669518903e-02
6.920000000000000000e+02 5.795113280922086635e-02
6.930000000000000000e+02 5.722530263202780382e-02
6.940000000000000000e+02 5.650319782989857847e-02
6.950000000000000000e+02 5.578479863591936927e-02
6.960000000000000000e+02 5.507008743360327502e-02
6.970000000000000000e+02 5.435904476130626328e-02
6.980000000000000000e+02 5.365165345493860816e-02
6.990000000000000000e+02 5.294789465346494417e-02
7.000000000000000000e+02 5.224775194573577641e-02
7.010000000000000000e+02 5.155120737453872115e-02
7.020000000000000000e+02 5.085824558543251828e-02
7.030000000000000000e+02 5.016884983269059850e-02
7.040000000000000000e+02 4.948300612546380206e-02
7.050000000000000000e+02 4.880069923574084645e-02
7.060000000000000000e+02 4.812191684329862607e-02
7.070000000000000000e+02 4.744664554060744333e-02
7.080000000000000000e+02 4.677487497917134224e-02
7.090000000000000000e+02 4.610659387062271408e-02
7.100000000000000000e+02 4.544179413064989431e-02
7.110000000000000000e+02 4.478046687973068207e-02
7.120000000000000000e+02 4.412260658111506750e-02
7.130000000000000000e+02 4.346820703940013769e-02
7.140000000000000000e+02 4.281726553536115837e-02
7.150000000000000000e+02 4.216977881755769320e-02
7.160000000000000000e+02 4.152574723516014310e-02
7.170000000000000000e+02 4.088517072370273508e-02
7.180000000000000000e+02 4.024805293114328691e-02
7.190000000000000000e+02 3.961439720062230607e-02
7.200000000000000000e+02 3.898421068800960593e-02
7.210000000000000000e+02 3.835750033829237599e-02
7.220000000000000000e+02 3.773427699815506964e-02
7.230000000000000000e+02 3.711455138235394968e-02
7.240000000000000000e+02 3.649833818079255277e-02
7.250000000000000000e+02 3.588565201761253348e-02
7.260000000000000000e+02 3.527651154795758554e-02
7.270000000000000000e+02 3.467093541148381225e-02
7.280000000000000000e+02 3.406894631915503846e-02
7.290000000000000000e+02 3.347056699687427778e-02
7.300000000000000000e+02 3.287582426590200668e-02
7.310000000000000000e+02 3.228474497481748778e-02
7.320000000000000000e+02 3.169736007145224077e-02
7.330000000000000000e+02 3.111370052697211286e-02
7.340000000000000000e+02 3.053380139540216864e-02
7.350000000000000000e+02 2.995769773005677733e-02
7.360000000000000000e+02 2.938542863300048699e-02
7.370000000000000000e+02 2.881703315945196436e-02
7.380000000000000000e+02 2.825255436012351351e-02
7.390000000000000000e+02 2.769203517399384737e-02
7.400000000000000000e+02 2.713552246028418102e-02
7.410000000000000000e+02 2.658306288371476908e-02
7.420000000000000000e+02 2.603470693384149839e-02
7.430000000000000000e+02 2.549050480153642814e-02
7.440000000000000000e+02 2.495051038957177975e-02
7.450000000000000000e+02 2.441477717674313958e-02
7.460000000000000000e+02 2.388336222145371127e-02
7.470000000000000000e+02 2.335632201598573932e-02
7.480000000000000000e+02 2.283371647937556398e-02
7.490000000000000000e+02 2.231560480549944075e-02
7.500000000000000000e+02 2.180204944506613715e-02
7.510000000000000000e+02 2.129311194506264965e-02
7.520000000000000000e+02 2.078885692455845202e-02
7.530000000000000000e+02 2.028934790344601863e-02
7.540000000000000000e+02 1.979465127233083488e-02
7.550000000000000000e+02 1.930483211471485314e-02
7.560000000000000000e+02 1.881995816756303064e-02
7.570000000000000000e+02 1.834009563948522242e-02
7.580000000000000000e+02 1.786531316396530733e-02
7.590000000000000000e+02 1.739567761042931995e-02
7.600000000000000000e+02 1.693125803476917476e-02
7.610000000000000000e+02 1.647212148318286801e-02
7.620000000000000000e+02 1.601833693880257842e-02
7.630000000000000000e+02 1.556997112332991588e-02
7.640000000000000000e+02 1.512709243737224603e-02
7.650000000000000000e+02 1.468976676088954054e-02
7.660000000000000000e+02 1.425806139103327069e-02
7.670000000000000000e+02 1.383204083830353454e-02
7.680000000000000000e+02 1.341177076562245427e-02
7.690000000000000000e+02 1.299731378209944936e-02
7.700000000000000000e+02 1.258873338098969244e-02
7.710000000000000000e+02 1.218608973604373528e-02
7.720000000000000000e+02 1.178944363748495559e-02
7.730000000000000000e+02 1.139885229030028653e-02
7.740000000000000000e+02 1.101437325314609181e-02
7.750000000000000000e+02 1.063606023615427422e-02
7.760000000000000000e+02 1.026396704494590348e-02
7.770000000000000000e+02 9.898143381535188731e-03
7.780000000000000000e+02 9.538638790472267828e-03
7.790000000000000000e+02 9.185498466871243328e-03
7.800000000000000000e+02 8.838767205559190307e-03
7.810000000000000000e+02 8.498485214127930731e-03
7.820000000000000000e+02 8.164692070210245040e-03
7.830000000000000000e+02 7.837422538327882410e-03
7.840000000000000000e+02 7.516710535572857128e-03
7.850000000000000000e+02 7.202584956864331416e-03
7.860000000000000000e+02 6.895073646067630645e-03
7.870000000000000000e+02 6.594199232019701436e-03
7.880000000000000000e+02 6.299983107572094780e-03
7.890000000000000000e+02 6.012441273302294303e-03
7.900000000000000000e+02 5.731588328867897458e-03
7.910000000000000000e+02 5.457433324649668509e-03
7.920000000000000000e+02 5.189983763806930474e-03
7.930000000000000000e+02 4.929241466634984130e-03
7.940000000000000000e+02 4.675206580984051993e-03
7.950000000000000000e+02 4.427873459625597703e-03
7.960000000000000000e+02 4.187234682672285636e-03
7.970000000000000000e+02 3.953276944532405773e-03
7.980000000000000000e+02 3.725985091175324469e-03
7.990000000000000000e+02 3.505338018364531887e-03
8.000000000000000000e+02 3.291312720632399037e-03
8.010000000000000000e+02 3.083880204842478698e-03
8.020000000000000000e+02 2.883009549638573116e-03
8.030000000000000000e+02 2.688663832552118382e-03
8.040000000000000000e+02 2.500804204017082009e-03
8.050000000000000000e+02 2.319385824948540231e-03
8.060000000000000000e+02 2.144361956103226548e-03
8.070000000000000000e+02 1.975679908934359352e-03
8.080000000000000000e+02 1.813285146268376084e-03
8.090000000000000000e+02 1.657117248982517381e-03
8.100000000000000000e+02 1.507114028097626592e-03
8.110000000000000000e+02 1.363207503783020903e-03
8.120000000000000000e+02 1.225328032611143307e-03
8.130000000000000000e+02 1.093400296750573130e-03
8.140000000000000000e+02 9.673474449581543266e-04
8.150000000000000000e+02 8.470870953140408966e-04
8.160000000000000000e+02 7.325354858066171352e-04
8.170000000000000000e+02 6.236034911552742468e-04
8.180000000000000000e+02 5.202007843706756831e-04
8.190000000000000000e+02 4.222318631322904297e-04
8.200000000000000000e+02 3.296002249758634480e-04
8.210000000000000000e+02 2.422044023989655627e-04
8.220000000000000000e+02 1.599421483149307522e-04
8.230000000000000000e+02 8.270648310041114654e-05
8.240000000000000000e+02 1.038988682527395354e-05
8.250000000000000000e+02 -5.711964333733947580e-05
8.260000000000000000e+02 -1.199343917609004066e-04
8.270000000000000000e+02 -1.781708613170241155e-04
8.280000000000000000e+02 -2.319455618964809797e-04
8.290000000000000000e+02 -2.813789411360269549e-04
8.300000000000000000e+02 -3.265911674871191622e-04
8.310000000000000000e+02 -3.677060523180779089e-04
8.320000000000000000e+02 -4.048468297489991570e-04
8.330000000000000000e+02 -4.381400735630137022e-04
8.340000000000000000e+02 -4.677114710235981041e-04
8.350000000000000000e+02 -4.936897386504142263e-04
8.360000000000000000e+02 -5.162023908941385658e-04
8.370000000000000000e+02 -5.353796529677299059e-04
8.380000000000000000e+02 -5.513502295148845671e-04
8.390000000000000000e+02 -5.642452134335470973e-04
8.400000000000000000e+02 -5.741938551322194528e-04
8.410000000000000000e+02 -5.813274720172294198e-04
8.420000000000000000e+02 -5.857752157261087106e-04
8.430000000000000000e+02 -5.876679849537754918e-04
8.440000000000000000e+02 -5.871341933038531826e-04
8.450000000000000000e+02 -5.843036828547294595e-04
8.460000000000000000e+02 -5.793034972940946633e-04
8.470000000000000000e+02 -5.722617967631714059e-04
8.480000000000000000e+02 -5.633036352156573336e-04
8.490000000000000000e+02 -5.525548816023752178e-04
8.500000000000000000e+02 -5.401379995929361973e-04
8.510000000000000000e+02 -5.261759759603951104e-04
8.520000000000000000e+02 -5.107881066143019977e-04
8.530000000000000000e+02 -4.940939293782009448e-04
8.540000000000000000e+02 -4.762090196970408806e-04
8.550000000000000000e+02 -4.572489298971959171e-04
8.560000000000000000e+02 -4.373249921449721381e-04
8.570000000000000000e+02 -4.165482687233004852e-04
8.580000000000000000e+02 -3.950253615499890779e-04
8.590000000000000000e+02 -3.728623724298139397e-04
8.600000000000000000e+02 -3.501607236734261106e-04
8.610000000000000000e+02 -3.270211259193780452e-04
8.620000000000000000e+02 -3.035394113351017444e-04
8.630000000000000000e+02 -2.798105122883715198e-04
8.640000000000000000e+02 -2.559243038831421043e-04
8.650000000000000000e+02 -2.319695966675319255e-04
8.660000000000000000e+02 -2.080299891603974542e-04
8.670000000000000000e+02 -1.841878719252643744e-04
8.680000000000000000e+02 -1.605202943841137534e-04
8.690000000000000000e+02 -1.371029787640163169e-04
8.700000000000000000e+02 -1.140062005726974812e-04
8.710000000000000000e+02 -9.129881628347918411e-05
8.720000000000000000e+02 -6.904415407975798391e-05
8.730000000000000000e+02 -4.730405654988946570e-05
8.740000000000000000e+02 -2.613478360054388225e-05
8.750000000000000000e+02 -5.591066427687657775e-06
8.760000000000000000e+02 1.427797415072016177e-05
8.770000000000000000e+02 3.342476271874540445e-05
8.780000000000000000e+02 5.180733807652548818e-05
8.790000000000000000e+02 6.938527354124342207e-05
8.800000000000000000e+02 8.612373576714431572e-05
8.810000000000000000e+02 1.019893911791143172e-04
8.820000000000000000e+02 1.169544520205423939e-04
8.830000000000000000e+02 1.309925729710982698e-04
8.840000000000000000e+02 1.440828828307228534e-04
8.850000000000000000e+02 1.562058703230893126e-04
8.860000000000000000e+02 1.673474054044330687e-04
8.870000000000000000e+02 1.774946114023364112e-04
8.880000000000000000e+02 1.866398777265265241e-04
8.890000000000000000e+02 1.947767211469229323e-04
8.900000000000000000e+02 2.019037868056238220e-04
8.910000000000000000e+02 2.080207022243533771e-04
8.920000000000000000e+02 2.131320669926147350e-04
8.930000000000000000e+02 2.172432974578569775e-04
8.940000000000000000e+02 2.203646097327271645e-04
8.950000000000000000e+02 2.225068536521161721e-04
8.960000000000000000e+02 2.236854894831034608e-04
8.970000000000000000e+02 2.239164153654291470e-04
8.980000000000000000e+02 2.232199349339280246e-04
8.990000000000000000e+02 2.216165807091161836e-04
9.000000000000000000e+02 2.191310749169126933e-04
9.010000000000000000e+02 2.157881461760924856e-04
9.020000000000000000e+02 2.116164879418932717e-04
9.030000000000000000e+02 2.066445688109087430e-04
9.040000000000000000e+02 2.009045875580151128e-04
9.050000000000000000e+02 1.944282818988647818e-04
9.060000000000000000e+02 1.872508782239754737e-04
9.070000000000000000e+02 1.794068997399044440e-04
9.080000000000000000e+02 1.709341146816761023e-04
9.090000000000000000e+02 1.618693411424408527e-04
9.100000000000000000e+02 1.522523971682869114e-04
9.110000000000000000e+02 1.421219043066788729e-04
9.120000000000000000e+02 1.315192374032790005e-04
9.130000000000000000e+02 1.204843314424023667e-04
9.140000000000000000e+02 1.090596304588590425e-04
9.150000000000000000e+02 9.728589693478864933e-05
9.160000000000000000e+02 8.520616441327946960e-05
9.170000000000000000e+02 7.286154730366308917e-05
9.180000000000000000e+02 6.029519898268663529e-05
9.190000000000000000e+02 4.754812539661819841e-05
9.200000000000000000e+02 3.466314581085030858e-05
9.210000000000000000e+02 2.168071368656539078e-05
9.220000000000000000e+02 8.642880960367710813e-06
9.230000000000000000e+02 -4.410875981824889383e-06
9.240000000000000000e+02 -1.743968394276405046e-05
9.250000000000000000e+02 -3.040544298016666891e-05
9.260000000000000000e+02 -4.326884607173415033e-05
9.270000000000000000e+02 -5.599354108840144461e-05
9.280000000000000000e+02 -6.854214537275953403e-05
9.290000000000000000e+02 -8.088039784899883362e-05
9.300000000000000000e+02 -9.297316629435593621e-05
9.310000000000000000e+02 -1.047885927175503203e-04
9.320000000000000000e+02 -1.162940896383777428e-04
9.330000000000000000e+02 -1.274604785986281250e-04
9.340000000000000000e+02 -1.382579773675589839e-04
9.350000000000000000e+02 -1.486603274694612458e-04
9.360000000000000000e+02 -1.586407746415598402e-04
9.370000000000000000e+02 -1.681761855995705945e-04
9.380000000000000000e+02 -1.772430185882152738e-04
9.390000000000000000e+02 -1.858214328136078924e-04
9.400000000000000000e+02 -1.938912469371379646e-04
9.410000000000000000e+02 -2.014360397642243439e-04
9.420000000000000000e+02 -2.084390999841211219e-04
9.430000000000000000e+02 -2.148875147807377897e-04
9.440000000000000000e+02 -2.207681121056546589e-04
9.450000000000000000e+02 -2.260715393338497950e-04
9.460000000000000000e+02 -2.307881945631721598e-04
9.470000000000000000e+02 -2.349122983460823124e-04
9.480000000000000000e+02 -2.384378137821486089e-04
9.490000000000000000e+02 -2.413625089026889077e-04
9.500000000000000000e+02 -2.436838695704653210e-04
9.510000000000000000e+02 -2.454031505875929001e-04
9.520000000000000000e+02 -2.465212813924118470e-04
9.530000000000000000e+02 -2.470429094730953556e-04
9.540000000000000000e+02 -2.469722956805083230e-04
9.550000000000000000e+02 -2.463173519853360262e-04
9.560000000000000000e+02 -2.450855281111577531e-04
9.570000000000000000e+02 -2.432878406734046860e-04
9.580000000000000000e+02 -2.409347550691728164e-04
9.590000000000000000e+02 -2.380402058346582823e-04
9.600000000000000000e+02 -2.346174724986338945e-04
9.610000000000000000e+02 -2.306831954949722615e-04
9.620000000000000000e+02 -2.262532437437298068e-04
9.630000000000000000e+02 -2.213467267830604153e-04
9.640000000000000000e+02 -2.159818573816949558e-04
9.650000000000000000e+02 -2.101799569798807645e-04
9.660000000000000000e+02 -2.039613164405962276e-04
9.670000000000000000e+02 -1.973491964342285402e-04
9.680000000000000000e+02 -1.903656840298475323e-04
9.690000000000000000e+02 -1.830356922836866870e-04
9.700000000000000000e+02 -1.753828118251552187e-04
9.710000000000000000e+02 -1.674333088430492601e-04
9.720000000000000000e+02 -1.592119759374401055e-04
9.730000000000000000e+02 -1.507461262326756759e-04
9.740000000000000000e+02 -1.420614452018647070e-04
9.750000000000000000e+02 -1.331859840336299097e-04
9.760000000000000000e+02 -1.241460096068438851e-04
9.770000000000000000e+02 -1.149700004965339582e-04
9.780000000000000000e+02 -1.056844958270590029e-04
9.790000000000000000e+02 -9.631809183976889840e-05
9.800000000000000000e+02 -8.689729405693748276e-05
9.810000000000000000e+02 -7.745051324819280552e-05
9.820000000000000000e+02 -6.800392092411199942e-05
9.830000000000000000e+02 -5.858544873471006415e-05
9.840000000000000000e+02 -4.922064453332059502e-05
9.850000000000000000e+02 -3.993667710229189703e-05
9.860000000000000000e+02 -3.075819496951177348e-05
9.870000000000000000e+02 -2.171133356147554892e-05
9.880000000000000000e+02 -1.281958053992026135e-05
9.890000000000000000e+02 -4.107785579559079196e-06
9.900000000000000000e+02 4.401969398901302887e-06
9.910000000000000000e+02 1.268635364126455895e-05
9.920000000000000000e+02 2.072491455592374274e-05
9.930000000000000000e+02 2.849605423273097652e-05
9.940000000000000000e+02 3.598115043190767352e-05
9.950000000000000000e+02 4.316052932703635182e-05
9.960000000000000000e+02 5.001757807657464494e-05
9.970000000000000000e+02 5.653471224859008774e-05
9.980000000000000000e+02 6.269748287967336672e-05
9.990000000000000000e+02 6.849053502614218115e-05
1.000000000000000000e+03 7.390171036212175523e-05
