0.000000000000000000e+00 9.999999999999998890e-01
1.000000000000000000e+00 9.999873001585709575e-01
2.000000000000000000e+00 9.999626010098386919e-01
3.000000000000000000e+00 9.999249865118737812e-01
4.000000000000000000e+00 9.998754153116622412e-01
5.000000000000000000e+00 9.998129686995285148e-01
6.000000000000000000e+00 9.997386221723764121e-01
7.000000000000000000e+00 9.996514707086964213e-01
8.000000000000000000e+00 9.995524938869618792e-01
9.000000000000000000e+00 9.994408076611017711e-01
1.000000000000000000e+01 9.993174027320579356e-01
1.100000000000000000e+01 9.991814046891179801e-01
1.200000000000000000e+01 9.990338227720448883e-01
1.300000000000000000e+01 9.988737878922261393e-01
1.400000000000000000e+01 9.987023201727939226e-01
1.500000000000000000e+01 9.985185649522460016e-01
1.600000000000000000e+01 9.983235478157208576e-01
1.700000000000000000e+01 9.981164296606881425e-01
1.800000000000000000e+01 9.978982483560496775e-01
1.900000000000000000e+01 9.976681714419349811e-01
2.000000000000000000e+01 9.974272514704569659e-01
2.100000000000000000e+01 9.971746623742211435e-01
2.200000000000000000e+01 9.969114637183794647e-01
2.300000000000000000e+01 9.966368426592094876e-01
2.400000000000000000e+01 9.963518639978178326e-01
2.500000000000000000e+01 9.960557256908765256e-01
2.600000000000000000e+01 9.957495038332601078e-01
2.700000000000000000e+01 9.954324001275938194e-01
2.800000000000000000e+01 9.951055009234951454e-01
2.900000000000000000e+01 9.947680139275549838e-01
3.000000000000000000e+01 9.944210288795050090e-01
3.100000000000000000e+01 9.940637640115170814e-01
3.200000000000000000e+01 9.936973133207376296e-01
3.300000000000000000e+01 9.933209009269045042e-01
3.400000000000000000e+01 9.929356296963688377e-01
3.500000000000000000e+01 9.925407247552693324e-01
3.600000000000000000e+01 9.921372943654982457e-01
3.700000000000000000e+01 9.917245683540493184e-01
3.800000000000000000e+01 9.913036550600651253e-01
3.900000000000000000e+01 9.908737910850363706e-01
4.000000000000000000e+01 9.904360875229346606e-01
4.100000000000000000e+01 9.899897820578046348e-01
4.200000000000000000e+01 9.895359912363117516e-01
4.300000000000000000e+01 9.890739513097508429e-01
4.400000000000000000e+01 9.886047793709007436e-01
4.500000000000000000e+01 9.881277144100760745e-01
4.600000000000000000e+01 9.876438707771588721e-01
4.700000000000000000e+01 9.871524899273493858e-01
4.800000000000000000e+01 9.866546871015300368e-01
4.900000000000000000e+01 9.861497005441050012e-01
5.000000000000000000e+01 9.856386470075083617e-01
5.100000000000000000e+01 9.851207612919617995e-01
5.200000000000000000e+01 9.845971563356138434e-01
5.300000000000000000e+01 9.840670673004388025e-01
5.400000000000000000e+01 9.835316022083490095e-01
5.500000000000000000e+01 9.829899943469782020e-01
5.600000000000000000e+01 9.824433505775467257e-01
5.700000000000000000e+01 9.818908975630828984e-01
5.800000000000000000e+01 9.813337397052568356e-01
5.900000000000000000e+01 9.807710987207000075e-01
6.000000000000000000e+01 9.802040717398232683e-01
6.100000000000000000e+01 9.796318783176928280e-01
6.200000000000000000e+01 9.790556092259588006e-01
6.300000000000000000e+01 9.784744782850480771e-01
6.400000000000000000e+01 9.778895730601394609e-01
6.500000000000000000e+01 9.773000984687907344e-01
6.600000000000000000e+01 9.767071360920597245e-01
6.700000000000000000e+01 9.761098849374777453e-01
6.800000000000000000e+01 9.755094170481829474e-01
6.900000000000000000e+01 9.749049268860904283e-01
7.000000000000000000e+01 9.742974794287582174e-01
7.100000000000000000e+01 9.736862604495134521e-01
7.200000000000000000e+01 9.730723298833792168e-01
7.300000000000000000e+01 9.724548635662225715e-01
7.400000000000000000e+01 9.718349127739513982e-01
7.500000000000000000e+01 9.712116469899244597e-01
7.600000000000000000e+01 9.705861070007294478e-01
7.700000000000000000e+01 9.699574557735015645e-01
7.800000000000000000e+01 9.693267269920085027e-01
7.900000000000000000e+01 9.686930731814693551e-01
8.000000000000000000e+01 9.680575215509816811e-01
8.100000000000000000e+01 9.674192148505607047e-01
8.200000000000000000e+01 9.667791700852278458e-01
8.300000000000000000e+01 9.661365236782950561e-01
8.400000000000000000e+01 9.654922824647379498e-01
8.500000000000000000e+01 9.648455750249304019e-01
8.600000000000000000e+01 9.641974016044992934e-01
8.700000000000000000e+01 9.635468799164412790e-01
8.800000000000000000e+01 9.628950028645996140e-01
8.900000000000000000e+01 9.622408795613726085e-01
9.000000000000000000e+01 9.615854924160270878e-01
9.100000000000000000e+01 9.609279446334113572e-01
9.200000000000000000e+01 9.602692098461083070e-01
9.300000000000000000e+01 9.596083828892820744e-01
9.400000000000000000e+01 9.589464317216750411e-01
9.500000000000000000e+01 9.582824411633649175e-01
9.600000000000000000e+01 9.576173716344466014e-01
9.700000000000000000e+01 9.569503012552709187e-01
9.800000000000000000e+01 9.562821808718884320e-01
9.900000000000000000e+01 9.556120834247837648e-01
1.000000000000000000e+02 9.549409531402769380e-01
1.010000000000000000e+02 9.542678549212822992e-01
1.020000000000000000e+02 9.535937284822071369e-01
1.030000000000000000e+02 9.529176306281603726e-01
1.040000000000000000e+02 9.522404940399000761e-01
1.050000000000000000e+02 9.515613711100255889e-01
1.060000000000000000e+02 9.508811868772615306e-01
1.070000000000000000e+02 9.501989895049384183e-01
1.080000000000000000e+02 9.495156999597561542e-01
1.090000000000000000e+02 9.488303595096601040e-01
1.100000000000000000e+02 9.481438858743240772e-01
1.110000000000000000e+02 9.474553148678446224e-01
1.120000000000000000e+02 9.467655583320668811e-01
1.130000000000000000e+02 9.460736499995986426e-01
1.140000000000000000e+02 9.453804966915884123e-01
1.150000000000000000e+02 9.446851290035084281e-01
1.160000000000000000e+02 9.439884522442735237e-01
1.170000000000000000e+02 9.432894919140757395e-01
1.180000000000000000e+02 9.425891513242186104e-01
1.190000000000000000e+02 9.418864534813378153e-01
1.200000000000000000e+02 9.411822974939302311e-01
1.210000000000000000e+02 9.404757063634908709e-01
1.220000000000000000e+02 9.397675770937534701e-01
1.230000000000000000e+02 9.390569307070240068e-01
1.240000000000000000e+02 9.383446649348254898e-01
1.250000000000000000e+02 9.376297979259803350e-01
1.260000000000000000e+02 9.369132265607813537e-01
1.270000000000000000e+02 9.361939693502567827e-01
1.280000000000000000e+02 9.354729209677729029e-01
1.290000000000000000e+02 9.347491015219882016e-01
1.300000000000000000e+02 9.340234063835276546e-01
1.310000000000000000e+02 9.332948548346166051e-01
1.320000000000000000e+02 9.325643446500448963e-01
1.330000000000000000e+02 9.318308945935688259e-01
1.340000000000000000e+02 9.310954025749524909e-01
1.350000000000000000e+02 9.303568901000417446e-01
1.360000000000000000e+02 9.296162549476837400e-01
1.370000000000000000e+02 9.288725212312043400e-01
1.380000000000000000e+02 9.281265897510717622e-01
1.390000000000000000e+02 9.273774848738465248e-01
1.400000000000000000e+02 9.266261107853921430e-01
1.410000000000000000e+02 9.258714935213676611e-01
1.420000000000000000e+02 9.251145381968114423e-01
1.430000000000000000e+02 9.243542752212549063e-01
1.440000000000000000e+02 9.235916114835726054e-01
1.450000000000000000e+02 9.228255804008594909e-01
1.460000000000000000e+02 9.220570934608308677e-01
1.470000000000000000e+02 9.212851852750656434e-01
1.480000000000000000e+02 9.205107709889481793e-01
1.490000000000000000e+02 9.197328886326814334e-01
1.500000000000000000e+02 9.189524548692389327e-01
1.510000000000000000e+02 9.181685128454444289e-01
1.520000000000000000e+02 9.173819825040911979e-01
1.530000000000000000e+02 9.165919098627243189e-01
1.540000000000000000e+02 9.157992201510755104e-01
1.550000000000000000e+02 9.150029613230123982e-01
1.560000000000000000e+02 9.142040619202079776e-01
1.570000000000000000e+02 9.134015744241267276e-01
1.580000000000000000e+02 9.125964292738746320e-01
1.590000000000000000e+02 9.117876839222481822e-01
1.600000000000000000e+02 9.109762730237849215e-01
1.610000000000000000e+02 9.101612563659385868e-01
1.620000000000000000e+02 9.093435736872422792e-01
1.630000000000000000e+02 9.085222872016638362e-01
1.640000000000000000e+02 9.076983391642430288e-01
1.650000000000000000e+02 9.068707966784449459e-01
1.660000000000000000e+02 9.060406040712238873e-01
1.670000000000000000e+02 9.052068325155215867e-01
1.680000000000000000e+02 9.043704308277996651e-01
1.690000000000000000e+02 9.035304717513987782e-01
1.700000000000000000e+02 9.026879082216833217e-01
1.710000000000000000e+02 9.018418156101417615e-01
1.720000000000000000e+02 9.009931483328527113e-01
1.730000000000000000e+02 9.001409862684939256e-01
1.740000000000000000e+02 8.992862858814519855e-01
1.750000000000000000e+02 8.984281296928937621e-01
1.760000000000000000e+02 8.975674782713592981e-01
1.770000000000000000e+02 8.967034148879308164e-01
1.780000000000000000e+02 8.958369027338832780e-01
1.790000000000000000e+02 8.949670276072866359e-01
1.800000000000000000e+02 8.940947531159533224e-01
1.810000000000000000e+02 8.932191685476009724e-01
1.820000000000000000e+02 8.923412393490961492e-01
1.830000000000000000e+02 8.914600557860797858e-01
1.840000000000000000e+02 8.905765864591329573e-01
1.850000000000000000e+02 8.896899216522740073e-01
1.860000000000000000e+02 8.888010308521379077e-01
1.870000000000000000e+02 8.879090064803807358e-01
1.880000000000000000e+02 8.870148175280905267e-01
1.890000000000000000e+02 8.861175584495759594e-01
1.900000000000000000e+02 8.852181997007564362e-01
1.910000000000000000e+02 8.843158351060175226e-01
1.920000000000000000e+02 8.834114369310023251e-01
1.930000000000000000e+02 8.825040984751237882e-01
1.940000000000000000e+02 8.815947912136358200e-01
1.950000000000000000e+02 8.806826099526554597e-01
1.960000000000000000e+02 8.797685250360933740e-01
1.970000000000000000e+02 8.788516316565693209e-01
1.980000000000000000e+02 8.779329011161262075e-01
1.990000000000000000e+02 8.770114266805724146e-01
2.000000000000000000e+02 8.760881799460136232e-01
2.010000000000000000e+02 8.751622533431282491e-01
2.020000000000000000e+02 8.742346163246016433e-01
2.030000000000000000e+02 8.733043620323839296e-01
2.040000000000000000e+02 8.723724584840040208e-01
2.050000000000000000e+02 8.714379976374880821e-01
2.060000000000000000e+02 8.705019478757763940e-01
2.070000000000000000e+02 8.695633984214603540e-01
2.080000000000000000e+02 8.686233165020217362e-01
2.090000000000000000e+02 8.676807904212351374e-01
2.100000000000000000e+02 8.667367844204277860e-01
2.110000000000000000e+02 8.657903866554660377e-01
2.120000000000000000e+02 8.648425599488501758e-01
2.130000000000000000e+02 8.638923900160389024e-01
2.140000000000000000e+02 8.629408394259868720e-01
2.150000000000000000e+02 8.619869909171151701e-01
2.160000000000000000e+02 8.610318047367199190e-01
2.170000000000000000e+02 8.600743628001297214e-01
2.180000000000000000e+02 8.591156221227581602e-01
2.190000000000000000e+02 8.581546636617916057e-01
2.200000000000000000e+02 8.571924432833735175e-01
2.210000000000000000e+02 8.562280387374662238e-01
2.220000000000000000e+02 8.552624050603389039e-01
2.230000000000000000e+02 8.542946173266434684e-01
2.240000000000000000e+02 8.533256275318489292e-01
2.250000000000000000e+02 8.523545101322933526e-01
2.260000000000000000e+02 8.513822142233442580e-01
2.270000000000000000e+02 8.504078126513001656e-01
2.280000000000000000e+02 8.494322537836075382e-01
2.290000000000000000e+02 8.484546070705664134e-01
2.300000000000000000e+02 8.474758195862953647e-01
2.310000000000000000e+02 8.464949588380478174e-01
2.320000000000000000e+02 8.455129686735357586e-01
2.330000000000000000e+02 8.445289162205001920e-01
2.340000000000000000e+02 8.435437432218988452e-01
2.350000000000000000e+02 8.425565147916883602e-01
2.360000000000000000e+02 8.415681724060775082e-01
2.370000000000000000e+02 8.405777781632854939e-01
2.380000000000000000e+02 8.395862719571927091e-01
2.390000000000000000e+02 8.385927149309346795e-01
2.400000000000000000e+02 8.375980440981368735e-01
2.410000000000000000e+02 8.366013204320638108e-01
2.420000000000000000e+02 8.356034799186442541e-01
2.430000000000000000e+02 8.346035814174458389e-01
2.440000000000000000e+02 8.336025610488698723e-01
2.450000000000000000e+02 8.325994755056569385e-01
2.460000000000000000e+02 8.315952592537126931e-01
2.470000000000000000e+02 8.305889690728638364e-01
2.480000000000000000e+02 8.295815373400415860e-01
2.490000000000000000e+02 8.285720208056687186e-01
2.500000000000000000e+02 8.275613519640449001e-01
2.510000000000000000e+02 8.265485856673221443e-01
2.520000000000000000e+02 8.255346548153865704e-01
2.530000000000000000e+02 8.245186132400076362e-01
2.540000000000000000e+02 8.235013923455863916e-01
2.550000000000000000e+02 8.224820469562760250e-01
2.560000000000000000e+02 8.214615074695138519e-01
2.570000000000000000e+02 8.204388287391296553e-01
2.580000000000000000e+02 8.194149422862798682e-01
2.590000000000000000e+02 8.183889015612434426e-01
2.600000000000000000e+02 8.173616386006887780e-01
2.610000000000000000e+02 8.163322070681110487e-01
2.620000000000000000e+02 8.153015378761523380e-01
2.630000000000000000e+02 8.142686863007769782e-01
2.640000000000000000e+02 8.132345834259389061e-01
2.650000000000000000e+02 8.121982845482828006e-01
2.660000000000000000e+02 8.111607225783703523e-01
2.670000000000000000e+02 8.101209521039995920e-01
2.680000000000000000e+02 8.090799065085384489e-01
2.690000000000000000e+02 8.080366417008552071e-01
2.700000000000000000e+02 8.069920904726484157e-01
2.710000000000000000e+02 8.059453105968736875e-01
2.720000000000000000e+02 8.048972361100530382e-01
2.730000000000000000e+02 8.038469247597843648e-01
2.740000000000000000e+02 8.027953127111554510e-01
2.750000000000000000e+02 8.017414577867374437e-01
2.760000000000000000e+02 8.006862964698556739e-01
2.770000000000000000e+02 7.996288887065305939e-01
2.780000000000000000e+02 7.985701710033671352e-01
2.790000000000000000e+02 7.975092050446163094e-01
2.800000000000000000e+02 7.964469293764862012e-01
2.810000000000000000e+02 7.953824056125643471e-01
2.820000000000000000e+02 7.943165743103643983e-01
2.830000000000000000e+02 7.932484979063436636e-01
2.840000000000000000e+02 7.921791170696880213e-01
2.850000000000000000e+02 7.911074967393104673e-01
2.860000000000000000e+02 7.900345782114481796e-01
2.870000000000000000e+02 7.889594277205183026e-01
2.880000000000000000e+02 7.878829889995138114e-01
2.890000000000000000e+02 7.868043282007304295e-01
2.900000000000000000e+02 7.857243905901963865e-01
2.910000000000000000e+02 7.846422437361206814e-01
2.920000000000000000e+02 7.835588328210033593e-01
2.930000000000000000e+02 7.824732278321548939e-01
2.940000000000000000e+02 7.813863750772750416e-01
2.950000000000000000e+02 7.802973451930477200e-01
2.960000000000000000e+02 7.792070868775544668e-01
2.970000000000000000e+02 7.781146707270768514e-01
2.980000000000000000e+02 7.770210462521336403e-01
2.990000000000000000e+02 7.759252858100464945e-01
3.000000000000000000e+02 7.748283386962213637e-01
3.010000000000000000e+02 7.737292791841769990e-01
3.020000000000000000e+02 7.726290580077280756e-01
3.030000000000000000e+02 7.715267493816108102e-01
3.040000000000000000e+02 7.704233059721267152e-01
3.050000000000000000e+02 7.693178020491143743e-01
3.060000000000000000e+02 7.682111902819356297e-01
3.070000000000000000e+02 7.671025467471871417e-01
3.080000000000000000e+02 7.659928238615638652e-01
3.090000000000000000e+02 7.648810988087908491e-01
3.100000000000000000e+02 7.637683255219777090e-01
3.110000000000000000e+02 7.626535804969902799e-01
3.120000000000000000e+02 7.615378188314098074e-01
3.130000000000000000e+02 7.604201172075696347e-01
3.140000000000000000e+02 7.593014299861935434e-01
3.150000000000000000e+02 7.581808354015834306e-01
3.160000000000000000e+02 7.570592876219318645e-01
3.170000000000000000e+02 7.559358650344427666e-01
3.180000000000000000e+02 7.548115231547526394e-01
3.190000000000000000e+02 7.536853392469744506e-01
3.200000000000000000e+02 7.525582690636838379e-01
3.210000000000000000e+02 7.514293901911390794e-01
3.220000000000000000e+02 7.502996571085072119e-01
3.230000000000000000e+02 7.491681484482920483e-01
3.240000000000000000e+02 7.480358186332791703e-01
3.250000000000000000e+02 7.469017455278232909e-01
3.260000000000000000e+02 7.457668845158896831e-01
3.270000000000000000e+02 7.446303121663869762e-01
3.280000000000000000e+02 7.434929831849681481e-01
3.290000000000000000e+02 7.423539745658982447e-01
3.300000000000000000e+02 7.412142394949846613e-01
3.310000000000000000e+02 7.400728553477646798e-01
3.320000000000000000e+02 7.389307754258639394e-01
3.330000000000000000e+02 7.377870756123786622e-01
3.340000000000000000e+02 7.366427096333938440e-01
3.350000000000000000e+02 7.354967521807874720e-01
3.360000000000000000e+02 7.343501555615767895e-01
3.370000000000000000e+02 7.332019949313847151e-01
3.380000000000000000e+02 7.320532211478257834e-01
3.390000000000000000e+02 7.309029090414697061e-01
3.400000000000000000e+02 7.297520097464121891e-01
3.410000000000000000e+02 7.285995961938549481e-01
3.420000000000000000e+02 7.274466193481510246e-01
3.430000000000000000e+02 7.262921512898202758e-01
3.440000000000000000e+02 7.251371411224093455e-01
3.450000000000000000e+02 7.239806613444916827e-01
3.460000000000000000e+02 7.228236599632110737e-01
3.470000000000000000e+02 7.216652085279493534e-01
3.480000000000000000e+02 7.205062554280277087e-01
3.490000000000000000e+02 7.193458702819782724e-01
3.500000000000000000e+02 7.181850007608829856e-01
3.510000000000000000e+02 7.170227161265034788e-01
3.520000000000000000e+02 7.158599621126371382e-01
3.530000000000000000e+02 7.146958082687763225e-01
3.540000000000000000e+02 7.135311997826425667e-01
3.550000000000000000e+02 7.123652048201314368e-01
3.560000000000000000e+02 7.111987689728235251e-01
3.570000000000000000e+02 7.100309588076018086e-01
3.580000000000000000e+02 7.088627187902926119e-01
3.590000000000000000e+02 7.076931156713048843e-01
3.600000000000000000e+02 7.065230922662840696e-01
3.610000000000000000e+02 7.053517154178438053e-01
3.620000000000000000e+02 7.041799280259688487e-01
3.630000000000000000e+02 7.030067953777577872e-01
3.640000000000000000e+02 7.018332607065552731e-01
3.650000000000000000e+02 7.006583883183100658e-01
3.660000000000000000e+02 6.994831201245056418e-01
3.670000000000000000e+02 6.983065210921814980e-01
3.680000000000000000e+02 6.971295320663958295e-01
3.690000000000000000e+02 6.959512178816301686e-01
3.700000000000000000e+02 6.947725200523043876e-01
3.710000000000000000e+02 6.935925019732637198e-01
3.720000000000000000e+02 6.924121053438220263e-01
3.730000000000000000e+02 6.912303933556275259e-01
3.740000000000000000e+02 6.900483064342171069e-01
3.750000000000000000e+02 6.888649087569175267e-01
3.760000000000000000e+02 6.876811404452652932e-01
3.770000000000000000e+02 6.864960653351360742e-01
3.780000000000000000e+02 6.853106246472672192e-01
3.790000000000000000e+02 6.841238811552760035e-01
3.800000000000000000e+02 6.829367760712798940e-01
3.810000000000000000e+02 6.817483727537571037e-01
3.820000000000000000e+02 6.805596114223757542e-01
3.830000000000000000e+02 6.793695565376421941e-01
3.840000000000000000e+02 6.781791488101364118e-01
3.850000000000000000e+02 6.769874522104001313e-01
3.860000000000000000e+02 6.757954087484542294e-01
3.870000000000000000e+02 6.746020818986282475e-01
3.880000000000000000e+02 6.734084134675443201e-01
3.890000000000000000e+02 6.722134681665280498e-01
3.900000000000000000e+02 6.710181872713844031e-01
3.910000000000000000e+02 6.698216364918347931e-01
3.920000000000000000e+02 6.686247582748003904e-01
3.930000000000000000e+02 6.674266177858683147e-01
3.940000000000000000e+02 6.662281587150471474e-01
3.950000000000000000e+02 6.650284463804165824e-01
3.960000000000000000e+02 6.638284241170236966e-01
3.970000000000000000e+02 6.626271588804182322e-01
3.980000000000000000e+02 6.614255940312064874e-01
3.990000000000000000e+02 6.602227972311878190e-01
4.000000000000000000e+02 6.590197134559778736e-01
4.010000000000000000e+02 6.578154098788516757e-01
4.020000000000000000e+02 6.566108324284970488e-01
4.030000000000000000e+02 6.554050490422238529e-01
4.040000000000000000e+02 6.541990052203504602e-01
4.050000000000000000e+02 6.529917706208956396e-01
4.060000000000000000e+02 6.517842913181212117e-01
4.070000000000000000e+02 6.505756372617799155e-01
4.080000000000000000e+02 6.493667562738644206e-01
4.090000000000000000e+02 6.481567179737447448e-01
4.100000000000000000e+02 6.469464706787318997e-01
4.110000000000000000e+02 6.457350852346739334e-01
4.120000000000000000e+02 6.445235095526788971e-01
4.130000000000000000e+02 6.433108159600575693e-01
4.140000000000000000e+02 6.420979533809715312e-01
4.150000000000000000e+02 6.408839939836903365e-01
4.160000000000000000e+02 6.396698882457086954e-01
4.170000000000000000e+02 6.384547082362467263e-01
4.180000000000000000e+02 6.372394043968633293e-01
4.190000000000000000e+02 6.360230502527854934e-01
4.200000000000000000e+02 6.348065959529707314e-01
4.210000000000000000e+02 6.335891159963027430e-01
4.220000000000000000e+02 6.323715617933213240e-01
4.230000000000000000e+02 6.311530072851679884e-01
4.240000000000000000e+02 6.299344049583259775e-01
4.250000000000000000e+02 6.287148289133778212e-01
4.260000000000000000e+02 6.274952310994430515e-01
4.270000000000000000e+02 6.262746870290462065e-01
4.280000000000000000e+02 6.250541485388162455e-01
4.290000000000000000e+02 6.238326914398424350e-01
4.300000000000000000e+02 6.226112688418981023e-01
4.310000000000000000e+02 6.213889557250571460e-01
4.320000000000000000e+02 6.201667056091400010e-01
4.330000000000000000e+02 6.189435938656920877e-01
4.340000000000000000e+02 6.177205730980126486e-01
4.350000000000000000e+02 6.164967197815396371e-01
4.360000000000000000e+02 6.152729866133711534e-01
4.370000000000000000e+02 6.140484496536876557e-01
4.380000000000000000e+02 6.128240626444934058e-01
4.390000000000000000e+02 6.115989007121290788e-01
4.400000000000000000e+02 6.103739172804921731e-01
4.410000000000000000e+02 6.091481880227920254e-01
4.420000000000000000e+02 6.079226652542046860e-01
4.430000000000000000e+02 6.066964252376161326e-01
4.440000000000000000e+02 6.054704205675696116e-01
4.450000000000000000e+02 6.042437264706371769e-01
4.460000000000000000e+02 6.030172961595973158e-01
4.470000000000000000e+02 6.017902040043170420e-01
4.480000000000000000e+02 6.005634022432652097e-01
4.490000000000000000e+02 5.993359658358855535e-01
4.500000000000000000e+02 5.981088459327739137e-01
4.510000000000000000e+02 5.968811174578947387e-01
4.520000000000000000e+02 5.956537319629238159e-01
4.530000000000000000e+02 5.944257629175822011e-01
4.540000000000000000e+02 5.931981619447658227e-01
4.550000000000000000e+02 5.919700018887132931e-01
4.560000000000000000e+02 5.907422329313234410e-01
4.570000000000000000e+02 5.895139284224960585e-01
4.580000000000000000e+02 5.882860376747335307e-01
4.590000000000000000e+02 5.870576333813993797e-01
4.600000000000000000e+02 5.858296652841863406e-01
4.610000000000000000e+02 5.846012044771904392e-01
4.620000000000000000e+02 5.833732002065281641e-01
4.630000000000000000e+02 5.821447232718778286e-01
4.640000000000000000e+02 5.809167212811768843e-01
4.650000000000000000e+02 5.796882653411130626e-01
4.660000000000000000e+02 5.784603025544606814e-01
4.670000000000000000e+02 5.772319028681611730e-01
4.680000000000000000e+02 5.760040137391612136e-01
4.690000000000000000e+02 5.747757036608136527e-01
4.700000000000000000e+02 5.735479191124974729e-01
4.710000000000000000e+02 5.723197286536063633e-01
4.720000000000000000e+02 5.710920772265852818e-01
4.730000000000000000e+02 5.698640334206136471e-01
4.740000000000000000e+02 5.686365421063832581e-01
4.750000000000000000e+02 5.674086704196537045e-01
4.760000000000000000e+02 5.661813634203749501e-01
4.770000000000000000e+02 5.649536871913876102e-01
4.780000000000000000e+02 5.637265855072435272e-01
4.790000000000000000e+02 5.624991248347700479e-01
4.800000000000000000e+02 5.612722477852392089e-01
4.810000000000000000e+02 5.600450205532954140e-01
4.820000000000000000e+02 5.588183860956535964e-01
4.830000000000000000e+02 5.575914091224074554e-01
4.840000000000000000e+02 5.563650325583436862e-01
4.850000000000000000e+02 5.551383206353805999e-01
4.860000000000000000e+02 5.539122149168819176e-01
4.870000000000000000e+02 5.526857802350433335e-01
4.880000000000000000e+02 5.514599575613097215e-01
4.890000000000000000e+02 5.502338111900765272e-01
4.900000000000000000e+02 5.490082827617323025e-01
4.910000000000000000e+02 5.477824353224021170e-01
4.920000000000000000e+02 5.465572102503442053e-01
4.930000000000000000e+02 5.453316707524619167e-01
4.940000000000000000e+02 5.441067570166073786e-01
4.950000000000000000e+02 5.428815329292348002e-01
4.960000000000000000e+02 5.416569387468762597e-01
4.970000000000000000e+02 5.404320376450515440e-01
4.980000000000000000e+02 5.392077707238893680e-01
4.990000000000000000e+02 5.379832003704491106e-01
5.000000000000000000e+02 5.367592672345176119e-01
5.010000000000000000e+02 5.355350344493361447e-01
5.020000000000000000e+02 5.343114418622794126e-01
5.030000000000000000e+02 5.330875532224967905e-01
5.040000000000000000e+02 5.318643090743042645e-01
5.050000000000000000e+02 5.306407724148836103e-01
5.060000000000000000e+02 5.294178846344872458e-01
5.070000000000000000e+02 5.281947085408238429e-01
5.080000000000000000e+02 5.269721849714730233e-01
5.090000000000000000e+02 5.257493779082882401e-01
5.100000000000000000e+02 5.245272279214659994e-01
5.110000000000000000e+02 5.233047994253122726e-01
5.120000000000000000e+02 5.220830341706788058e-01
5.130000000000000000e+02 5.208609959254894006e-01
5.140000000000000000e+02 5.196396271275515177e-01
5.150000000000000000e+02 5.184179919842920592e-01
5.160000000000000000e+02 5.171970323915286993e-01
5.170000000000000000e+02 5.159758139298121771e-01
5.180000000000000000e+02 5.147552788125890899e-01
5.190000000000000000e+02 5.135344927954507144e-01
5.200000000000000000e+02 5.123143995289171082e-01
5.210000000000000000e+02 5.110940643600440092e-01
5.220000000000000000e+02 5.098744313474218304e-01
5.230000000000000000e+02 5.086545668225942451e-01
5.240000000000000000e+02 5.074354144298850455e-01
5.250000000000000000e+02 5.062160418166699039e-01
5.260000000000000000e+02 5.049973934735003667e-01
5.270000000000000000e+02 5.037785369494726107e-01
5.280000000000000000e+02 5.025604181622035371e-01
5.290000000000000000e+02 5.013421045810148025e-01
5.300000000000000000e+02 5.001245421948916636e-01
5.310000000000000000e+02 4.989067998206306864e-01
5.320000000000000000e+02 4.976898232569635927e-01
5.330000000000000000e+02 4.964726823432928371e-01
5.340000000000000000e+02 4.952563241004924177e-01
5.350000000000000000e+02 4.940398180381814219e-01
5.360000000000000000e+02 4.928241123381276734e-01
5.370000000000000000e+02 4.916082767888336758e-01
5.380000000000000000e+02 4.903932593183648603e-01
5.390000000000000000e+02 4.891781311793486631e-01
5.400000000000000000e+02 4.879638403878286956e-01
5.410000000000000000e+02 4.867494587523319982e-01
5.420000000000000000e+02 4.855359356657285019e-01
5.430000000000000000e+02 4.843223424625938689e-01
5.440000000000000000e+02 4.831096292305877560e-01
5.450000000000000000e+02 4.818968679024548951e-01
5.460000000000000000e+02 4.806850080614566423e-01
5.470000000000000000e+02 4.794731229554861085e-01
5.480000000000000000e+02 4.782621625328288273e-01
5.490000000000000000e+02 4.770512000486110682e-01
5.500000000000000000e+02 4.758411867330678002e-01
5.510000000000000000e+02 4.746311953349926505e-01
5.520000000000000000e+02 4.734221772038655907e-01
5.530000000000000000e+02 4.722132059024193862e-01
5.540000000000000000e+02 4.710052321433826350e-01
5.550000000000000000e+02 4.697973304188776122e-01
5.560000000000000000e+02 4.685904520247465843e-01
5.570000000000000000e+02 4.673836709323721528e-01
5.580000000000000000e+02 4.661779393920838510e-01
5.590000000000000000e+02 4.649723309476082034e-01
5.600000000000000000e+02 4.637677973906751960e-01
5.610000000000000000e+02 4.625634131448825848e-01
5.620000000000000000e+02 4.613601293686709903e-01
5.630000000000000000e+02 4.601570208637406623e-01
5.640000000000000000e+02 4.589550394824238877e-01
5.650000000000000000e+02 4.577532590928748424e-01
5.660000000000000000e+02 4.565526320009329342e-01
5.670000000000000000e+02 4.553522318121826506e-01
5.680000000000000000e+02 4.541530098974219665e-01
5.690000000000000000e+02 4.529540406392669749e-01
5.700000000000000000e+02 4.517562749034053082e-01
5.710000000000000000e+02 4.505587868340152902e-01
5.720000000000000000e+02 4.493625279654059890e-01
5.730000000000000000e+02 4.481665712798104662e-01
5.740000000000000000e+02 4.469718681808018124e-01
5.750000000000000000e+02 4.457774915971952079e-01
5.760000000000000000e+02 4.445843917039382642e-01
5.770000000000000000e+02 4.433916419481851445e-01
5.780000000000000000e+02 4.422001922167701493e-01
5.790000000000000000e+02 4.410091151473976012e-01
5.800000000000000000e+02 4.398193611316302820e-01
5.810000000000000000e+02 4.386300016335032415e-01
5.820000000000000000e+02 4.374419863512228335e-01
5.830000000000000000e+02 4.362543868983217443e-01
5.840000000000000000e+02 4.350681516787784919e-01
5.850000000000000000e+02 4.338823524530744380e-01
5.860000000000000000e+02 4.326979375907918368e-01
5.870000000000000000e+02 4.315139776185648035e-01
5.880000000000000000e+02 4.303314211332351924e-01
5.890000000000000000e+02 4.291493376836244544e-01
5.900000000000000000e+02 4.279686747325885388e-01
5.910000000000000000e+02 4.267885021279838043e-01
5.920000000000000000e+02 4.256097662026702144e-01
5.930000000000000000e+02 4.244315365332780865e-01
5.940000000000000000e+02 4.232547596519409261e-01
5.950000000000000000e+02 4.220785036968717208e-01
5.960000000000000000e+02 4.209037150850555298e-01
5.970000000000000000e+02 4.197294613333402702e-01
5.980000000000000000e+02 4.185566874837408635e-01
5.990000000000000000e+02 4.173844614144600063e-01
6.000000000000000000e+02 4.162137273914539581e-01
6.010000000000000000e+02 4.150435526333763336e-01
6.020000000000000000e+02 4.138748817696190074e-01
6.030000000000000000e+02 4.127067806281787821e-01
6.040000000000000000e+02 4.115401933793350620e-01
6.050000000000000000e+02 4.103741856722807335e-01
6.060000000000000000e+02 4.092097003020064294e-01
6.070000000000000000e+02 4.080458032407047742e-01
6.080000000000000000e+02 4.068834369778044358e-01
6.090000000000000000e+02 4.057216665405056766e-01
6.100000000000000000e+02 4.045614348441894381e-01
6.110000000000000000e+02 4.034018058120253936e-01
6.120000000000000000e+02 4.022437216208913369e-01
6.130000000000000000e+02 4.010862464569869279e-01
6.140000000000000000e+02 3.999303213595066797e-01
6.150000000000000000e+02 3.987750107081270423e-01
6.160000000000000000e+02 3.976212557321389673e-01
6.170000000000000000e+02 3.964681197391455303e-01
6.180000000000000000e+02 3.953165443364874965e-01
6.190000000000000000e+02 3.941655921970191878e-01
6.200000000000000000e+02 3.930162040307595417e-01
6.210000000000000000e+02 3.918674431323148077e-01
6.220000000000000000e+02 3.907202495039749923e-01
6.230000000000000000e+02 3.895736864432328139e-01
6.240000000000000000e+02 3.884286945712421280e-01
6.250000000000000000e+02 3.872843361717943633e-01
6.260000000000000000e+02 3.861415521013401020e-01
6.270000000000000000e+02 3.849994045728379888e-01
6.280000000000000000e+02 3.838588335418320341e-01
6.290000000000000000e+02 3.827189020560043398e-01
6.300000000000000000e+02 3.815805499057929318e-01
6.310000000000000000e+02 3.804428399340341604e-01
6.320000000000000000e+02 3.793067128362685447e-01
6.330000000000000000e+02 3.781712306785138811e-01
6.340000000000000000e+02 3.770373341897726438e-01
6.350000000000000000e+02 3.759040859205061147e-01
6.360000000000000000e+02 3.747724258564519295e-01
6.370000000000000000e+02 3.736414174180353043e-01
6.380000000000000000e+02 3.725120009822531220e-01
6.390000000000000000e+02 3.713832395878993164e-01
6.400000000000000000e+02 3.702560746149292648e-01
6.410000000000000000e+02 3.691295687004312875e-01
6.420000000000000000e+02 3.680046630446162093e-01
6.430000000000000000e+02 3.668804212161660416e-01
6.440000000000000000e+02 3.657577839662901065e-01
6.450000000000000000e+02 3.646358155944644519e-01
6.460000000000000000e+02 3.635154577132958531e-01
6.470000000000000000e+02 3.623957741365126384e-01
6.480000000000000000e+02 3.612777073803806194e-01
6.490000000000000000e+02 3.601603213036629891e-01
6.500000000000000000e+02 3.590445580673851111e-01
6.510000000000000000e+02 3.579294827232153420e-01
6.520000000000000000e+02 3.568160373628082582e-01
6.530000000000000000e+02 3.557032874914045628e-01
6.540000000000000000e+02 3.545921763631076917e-01
6.550000000000000000e+02 3.534817689921563866e-01
6.560000000000000000e+02 3.523730092682580417e-01
6.570000000000000000e+02 3.512649626881934051e-01
6.580000000000000000e+02 3.501585726884687277e-01
6.590000000000000000e+02 3.490529059919653121e-01
6.600000000000000000e+02 3.479489063620713196e-01
6.610000000000000000e+02 3.468456406208769716e-01
6.620000000000000000e+02 3.457440537752305421e-01
6.630000000000000000e+02 3.446432122546378984e-01
6.640000000000000000e+02 3.435440613234012619e-01
6.650000000000000000e+02 3.424456682416037734e-01
6.660000000000000000e+02 3.413489778220246129e-01
6.670000000000000000e+02 3.402530583559797983e-01
6.680000000000000000e+02 3.391588553224825775e-01
6.690000000000000000e+02 3.380654367531844562e-01
6.700000000000000000e+02 3.369737492212236396e-01
6.710000000000000000e+02 3.358828605498347386e-01
6.720000000000000000e+02 3.347937171579594695e-01
6.730000000000000000e+02 3.337053878932955131e-01
6.740000000000000000e+02 3.326188188243728305e-01
6.750000000000000000e+02 3.315330794485952803e-01
6.760000000000000000e+02 3.304491167187171841e-01
6.770000000000000000e+02 3.293659995788837391e-01
6.780000000000000000e+02 3.282846757278363725e-01
6.790000000000000000e+02 3.272042141340372745e-01
6.800000000000000000e+02 3.261255619761667113e-01
6.810000000000000000e+02 3.250477892499381016e-01
6.820000000000000000e+02 3.239718429618524409e-01
6.830000000000000000e+02 3.228967932633417526e-01
6.840000000000000000e+02 3.218235880987402320e-01
6.850000000000000000e+02 3.207512968914484341e-01
6.860000000000000000e+02 3.196808678517391034e-01
6.870000000000000000e+02 3.186113706597706874e-01
6.880000000000000000e+02 3.175437527525047376e-01
6.890000000000000000e+02 3.164770846469105448e-01
6.900000000000000000e+02 3.154123138236016866e-01
6.910000000000000000e+02 3.143485104414415199e-01
6.920000000000000000e+02 3.132866227950010796e-01
6.930000000000000000e+02 3.122257202867484982e-01
6.940000000000000000e+02 3.111667509546364174e-01
6.950000000000000000e+02 3.101087846396410330e-01
6.960000000000000000e+02 3.090527685079473286e-01
6.970000000000000000e+02 3.079977728870004205e-01
6.980000000000000000e+02 3.069447451918545511e-01
6.990000000000000000e+02 3.058927549518177802e-01
7.000000000000000000e+02 3.048427501142906837e-01
7.010000000000000000e+02 3.037937995676029956e-01
7.020000000000000000e+02 3.027468505326363912e-01
7.030000000000000000e+02 3.017009724259568926e-01
7.040000000000000000e+02 3.006571116635400331e-01
7.050000000000000000e+02 2.996143377010059283e-01
7.060000000000000000e+02 2.985735973512390062e-01
7.070000000000000000e+02 2.975339589829270048e-01
7.080000000000000000e+02 2.964963695513140318e-01
7.090000000000000000e+02 2.954598970122869206e-01
7.100000000000000000e+02 2.944254872607541262e-01
7.110000000000000000e+02 2.933922087551740221e-01
7.120000000000000000e+02 2.923610067959255265e-01
7.130000000000000000e+02 2.913309494168787595e-01
7.140000000000000000e+02 2.903029823712762192e-01
7.150000000000000000e+02 2.892761725159627151e-01
7.160000000000000000e+02 2.882514653182714492e-01
7.170000000000000000e+02 2.872279275111022656e-01
7.180000000000000000e+02 2.862065033604060393e-01
7.190000000000000000e+02 2.851862599605012871e-01
7.200000000000000000e+02 2.841681412881357227e-01
7.210000000000000000e+02 2.831512136171566718e-01
7.220000000000000000e+02 2.821364213253785280e-01
7.230000000000000000e+02 2.811228296278079908e-01
7.240000000000000000e+02 2.801113822277464527e-01
7.250000000000000000e+02 2.791011445038616423e-01
7.260000000000000000e+02 2.780930590299418026e-01
7.270000000000000000e+02 2.770861913132253718e-01
7.280000000000000000e+02 2.760814839737724680e-01
7.290000000000000000e+02 2.750780014418542363e-01
7.300000000000000000e+02 2.740766865861989365e-01
7.310000000000000000e+02 2.730766030756843210e-01
7.320000000000000000e+02 2.720786928269123828e-01
7.330000000000000000e+02 2.710820198997537234e-01
7.340000000000000000e+02 2.700875253468202342e-01
7.350000000000000000e+02 2.690942730754066758e-01
7.360000000000000000e+02 2.681032044822448945e-01
7.370000000000000000e+02 2.671133823266108043e-01
7.380000000000000000e+02 2.661257480296982947e-01
7.390000000000000000e+02 2.651393640049470313e-01
7.400000000000000000e+02 2.641551706061534555e-01
7.410000000000000000e+02 2.631722307604257294e-01
7.420000000000000000e+02 2.621914843625240965e-01
7.430000000000000000e+02 2.612119939121779755e-01
7.440000000000000000e+02 2.602346998511000375e-01
7.450000000000000000e+02 2.592586636573873671e-01
7.460000000000000000e+02 2.582848255459532227e-01
7.470000000000000000e+02 2.573122471016937585e-01
7.480000000000000000e+02 2.563418675408687952e-01
7.490000000000000000e+02 2.553727489587410138e-01
7.500000000000000000e+02 2.544058305785493190e-01
7.510000000000000000e+02 2.534401738547929495e-01
7.520000000000000000e+02 2.524767186293286336e-01
7.530000000000000000e+02 2.515145256346351665e-01
7.540000000000000000e+02 2.505545342590831392e-01
7.550000000000000000e+02 2.495958057463815438e-01
7.560000000000000000e+02 2.486392787268153770e-01
7.570000000000000000e+02 2.476840148304425560e-01
7.580000000000000000e+02 2.467309531341316531e-01
7.590000000000000000e+02 2.457791545196302274e-01
7.600000000000000000e+02 2.448295586143140745e-01
7.610000000000000000e+02 2.438812259949012240e-01
7.620000000000000000e+02 2.429350956810858164e-01
7.630000000000000000e+02 2.419902290435097247e-01
7.640000000000000000e+02 2.410475647122442555e-01
7.650000000000000000e+02 2.401061642294864962e-01
7.660000000000000000e+02 2.391669670049020591e-01
7.670000000000000000e+02 2.382290338552721654e-01
7.680000000000000000e+02 2.372933045525104367e-01
7.690000000000000000e+02 2.363588400656985999e-01
7.700000000000000000e+02 2.354265795116005644e-01
7.710000000000000000e+02 2.344955847657679004e-01
7.720000000000000000e+02 2.335667949841220836e-01
7.730000000000000000e+02 2.326392719559909061e-01
7.740000000000000000e+02 2.317139557850851905e-01
7.750000000000000000e+02 2.307899076880999545e-01
7.760000000000000000e+02 2.298680678655578846e-01
7.770000000000000000e+02 2.289474981002307952e-01
7.780000000000000000e+02 2.280291380100178400e-01
7.790000000000000000e+02 2.271120502115926976e-01
7.800000000000000000e+02 2.261971747724146053e-01
7.810000000000000000e+02 2.252835739775790047e-01
7.820000000000000000e+02 2.243721888197153513e-01
7.830000000000000000e+02 2.234620812678241863e-01
7.840000000000000000e+02 2.225541921257178923e-01
7.850000000000000000e+02 2.216475842235060278e-01
7.860000000000000000e+02 2.207431979640978870e-01
7.870000000000000000e+02 2.198400967741214740e-01
7.880000000000000000e+02 2.189392218229022635e-01
7.890000000000000000e+02 2.180396360240779430e-01
7.900000000000000000e+02 2.171422812689581261e-01
7.910000000000000000e+02 2.162462204683400502e-01
7.920000000000000000e+02 2.153523950780698026e-01
7.930000000000000000e+02 2.144598689937260161e-01
7.940000000000000000e+02 2.135695835280529975e-01
7.950000000000000000e+02 2.126806028216692013e-01
7.960000000000000000e+02 2.117938691193983203e-01
7.970000000000000000e+02 2.109084459685902357e-01
7.980000000000000000e+02 2.100252759959788107e-01
7.990000000000000000e+02 2.091434230569718111e-01
8.000000000000000000e+02 2.082638291846662104e-01
8.010000000000000000e+02 2.073855591511172269e-01
8.020000000000000000e+02 2.065095551310761612e-01
8.030000000000000000e+02 2.056348817467787415e-01
8.040000000000000000e+02 2.047624820901257359e-01
8.050000000000000000e+02 2.038914202265064424e-01
8.060000000000000000e+02 2.030226392208844544e-01
8.070000000000000000e+02 2.021552036955617804e-01
8.080000000000000000e+02 2.012900560823427665e-01
8.090000000000000000e+02 2.004262616755144999e-01
8.100000000000000000e+02 1.995647633047401837e-01
8.110000000000000000e+02 1.987046257530336035e-01
8.120000000000000000e+02 1.978467925759672397e-01
8.130000000000000000e+02 1.969903281440274490e-01
8.140000000000000000e+02 1.961361755874299617e-01
8.150000000000000000e+02 1.952833999717651925e-01
8.160000000000000000e+02 1.944329438785973030e-01
8.170000000000000000e+02 1.935838726721902381e-01
8.180000000000000000e+02 1.927371295087675906e-01
8.190000000000000000e+02 1.918917789814558184e-01
8.200000000000000000e+02 1.910487646419202212e-01
8.210000000000000000e+02 1.902071508920569753e-01
8.220000000000000000e+02 1.893678805453565261e-01
8.230000000000000000e+02 1.885300186984830983e-01
8.240000000000000000e+02 1.876945078049825077e-01
8.250000000000000000e+02 1.868604128295402456e-01
8.260000000000000000e+02 1.860286768618135134e-01
8.270000000000000000e+02 1.851983639839842322e-01
8.280000000000000000e+02 1.843704172743229897e-01
8.290000000000000000e+02 1.835439008757286383e-01
8.300000000000000000e+02 1.827197569582239001e-01
8.310000000000000000e+02 1.818970502192380767e-01
8.320000000000000000e+02 1.810767227213550545e-01
8.330000000000000000e+02 1.802578386232889796e-01
8.340000000000000000e+02 1.794413405561944841e-01
8.350000000000000000e+02 1.786262918507478537e-01
8.360000000000000000e+02 1.778136347203331247e-01
8.370000000000000000e+02 1.770024327869322289e-01
8.380000000000000000e+02 1.761936273571613198e-01
8.390000000000000000e+02 1.753862823531252835e-01
8.400000000000000000e+02 1.745813392379683693e-01
8.410000000000000000e+02 1.737778610882213803e-01
8.420000000000000000e+02 1.729767897507521468e-01
8.430000000000000000e+02 1.721771876796262535e-01
8.440000000000000000e+02 1.713799959743176615e-01
8.450000000000000000e+02 1.705842775424426805e-01
8.460000000000000000e+02 1.697909727454766093e-01
8.470000000000000000e+02 1.689991444707345525e-01
8.480000000000000000e+02 1.682097334581729442e-01
8.490000000000000000e+02 1.674218015990828479e-01
8.500000000000000000e+02 1.666362897500167362e-01
8.510000000000000000e+02 1.658522594933454219e-01
8.520000000000000000e+02 1.650706507468842066e-01
8.530000000000000000e+02 1.642905256080227361e-01
8.540000000000000000e+02 1.635128235568732713e-01
8.550000000000000000e+02 1.627366063455338019e-01
8.560000000000000000e+02 1.619628139686949131e-01
8.570000000000000000e+02 1.611905072150783824e-01
8.580000000000000000e+02 1.604206258982611433e-01
8.590000000000000000e+02 1.596522308569638393e-01
8.600000000000000000e+02 1.588862609481902777e-01
8.610000000000000000e+02 1.581217774748979177e-01
8.620000000000000000e+02 1.573597192284098278e-01
8.630000000000000000e+02 1.565991468997497693e-01
8.640000000000000000e+02 1.558409998194297263e-01
8.650000000000000000e+02 1.550843379229344121e-01
8.660000000000000000e+02 1.543301000896792896e-01
8.670000000000000000e+02 1.535773466397760689e-01
8.680000000000000000e+02 1.528270156541339519e-01
8.690000000000000000e+02 1.520781677656081743e-01
8.700000000000000000e+02 1.513317413611424966e-01
8.710000000000000000e+02 1.505867963054882408e-01
8.720000000000000000e+02 1.498442714352107297e-01
8.730000000000000000e+02 1.491032262017894794e-01
8.740000000000000000e+02 1.483645988018528483e-01
8.750000000000000000e+02 1.476274493185115166e-01
8.760000000000000000e+02 1.468927154530725865e-01
8.770000000000000000e+02 1.461594573810667819e-01
8.780000000000000000e+02 1.454286134107968254e-01
8.790000000000000000e+02 1.446992429350446030e-01
8.800000000000000000e+02 1.439722845282384034e-01
8.810000000000000000e+02 1.432467975808435212e-01
8.820000000000000000e+02 1.425237199575121461e-01
8.830000000000000000e+02 1.418021117945676979e-01
8.840000000000000000e+02 1.410829108515440633e-01
8.850000000000000000e+02 1.403651771134681314e-01
8.860000000000000000e+02 1.396498491214224758e-01
8.870000000000000000e+02 1.389359862082507890e-01
8.880000000000000000e+02 1.382245269423185985e-01
8.890000000000000000e+02 1.375145310555491718e-01
8.900000000000000000e+02 1.368069364702909629e-01
8.910000000000000000e+02 1.361008036268737120e-01
8.920000000000000000e+02 1.353970707453141242e-01
8.930000000000000000e+02 1.346947978970593207e-01
8.940000000000000000e+02 1.339949241010650327e-01
8.950000000000000000e+02 1.332965090276664877e-01
8.960000000000000000e+02 1.326004914776245380e-01
8.970000000000000000e+02 1.319059318361612831e-01
8.980000000000000000e+02 1.312137684435257801e-01
8.990000000000000000e+02 1.305230622144358255e-01
9.000000000000000000e+02 1.298347521254325232e-01
9.010000000000000000e+02 1.291478985743091668e-01
9.020000000000000000e+02 1.284634411961090850e-01
9.030000000000000000e+02 1.277804403104953468e-01
9.040000000000000000e+02 1.270998351309713947e-01
9.050000000000000000e+02 1.264206868626952807e-01
9.060000000000000000e+02 1.257439345296348376e-01
9.070000000000000000e+02 1.250686395826824393e-01
9.080000000000000000e+02 1.243957418919196950e-01
9.090000000000000000e+02 1.237243023412921833e-01
9.100000000000000000e+02 1.230552611899655979e-01
9.110000000000000000e+02 1.223876795753687657e-01
9.120000000000000000e+02 1.217224972128833488e-01
9.130000000000000000e+02 1.210587761186854017e-01
9.140000000000000000e+02 1.203974561212664413e-01
9.150000000000000000e+02 1.197375991492616726e-01
9.160000000000000000e+02 1.190801459178904564e-01
9.170000000000000000e+02 1.184241578447120663e-01
9.180000000000000000e+02 1.177705756878855842e-01
9.190000000000000000e+02 1.171184613929191626e-01
9.200000000000000000e+02 1.164687551545583455e-01
9.210000000000000000e+02 1.158205196140992960e-01
9.220000000000000000e+02 1.151746953528476058e-01
9.230000000000000000e+02 1.145303446048570595e-01
9.240000000000000000e+02 1.138884087009678359e-01
9.250000000000000000e+02 1.132479495118183938e-01
9.260000000000000000e+02 1.126099080536629160e-01
9.270000000000000000e+02 1.119733468869554688e-01
9.280000000000000000e+02 1.113392065476432047e-01
9.290000000000000000e+02 1.107065499668591912e-01
9.300000000000000000e+02 1.100763182554598679e-01
9.310000000000000000e+02 1.094475736899299112e-01
9.320000000000000000e+02 1.088212578404846864e-01
9.330000000000000000e+02 1.081964328267502190e-01
9.340000000000000000e+02 1.075740396013903227e-01
9.350000000000000000e+02 1.069531409889883516e-01
9.360000000000000000e+02 1.063346776269964850e-01
9.370000000000000000e+02 1.057177123038989947e-01
9.380000000000000000e+02 1.051031862955871671e-01
9.390000000000000000e+02 1.044901616042508141e-01
9.400000000000000000e+02 1.038795795756163598e-01
9.410000000000000000e+02 1.032705022758380747e-01
9.420000000000000000e+02 1.026638702389733732e-01
9.430000000000000000e+02 1.020587460987593398e-01
9.440000000000000000e+02 1.014560702843103346e-01
9.450000000000000000e+02 1.008549049803872527e-01
9.460000000000000000e+02 1.002561911779324549e-01
9.470000000000000000e+02 9.965899028009379823e-02
9.480000000000000000e+02 9.906424293126063485e-02
9.490000000000000000e+02 9.847101078672616803e-02
9.500000000000000000e+02 9.788023362686611162e-02
9.510000000000000000e+02 9.729097340882995881e-02
9.520000000000000000e+02 9.670417001863124140e-02
9.530000000000000000e+02 9.611888462210314843e-02
9.540000000000000000e+02 9.553605746294432932e-02
9.550000000000000000e+02 9.495474906102993606e-02
9.560000000000000000e+02 9.437589894814631120e-02
9.570000000000000000e+02 9.379856801256947207e-02
9.580000000000000000e+02 9.322369501763949629e-02
9.590000000000000000e+02 9.265034080937996352e-02
9.600000000000000000e+02 9.207944442430833487e-02
9.610000000000000000e+02 9.151006570892657177e-02
9.620000000000000000e+02 9.094314376439367742e-02
9.630000000000000000e+02 9.037773802862023032e-02
9.640000000000000000e+02 8.981478664541971135e-02
9.650000000000000000e+02 8.925334944207058419e-02
9.660000000000000000e+02 8.869436401652350255e-02
9.670000000000000000e+02 8.813688979788479594e-02
9.680000000000000000e+02 8.758186474901540064e-02
9.690000000000000000e+02 8.702834726442244817e-02
9.700000000000000000e+02 8.647727504724384007e-02
9.710000000000000000e+02 8.592770637578961423e-02
9.720000000000000000e+02 8.538057791754025128e-02
9.730000000000000000e+02 8.483494826336543393e-02
9.740000000000000000e+02 8.429175384135660642e-02
9.750000000000000000e+02 8.375005254709538827e-02
9.760000000000000000e+02 8.321078117405959762e-02
9.770000000000000000e+02 8.267299672872713279e-02
9.780000000000000000e+02 8.213763545475454009e-02
9.790000000000000000e+02 8.160375453528233292e-02
9.800000000000000000e+02 8.107228928393951650e-02
9.810000000000000000e+02 8.054229704081444785e-02
9.820000000000000000e+02 8.001471321392358838e-02
9.830000000000000000e+02 7.948859427085946949e-02
9.840000000000000000e+02 7.896487589909853555e-02
9.850000000000000000e+02 7.844261397799190405e-02
9.860000000000000000e+02 7.792274345020962223e-02
9.870000000000000000e+02 7.740432061329560742e-02
9.880000000000000000e+02 7.688827975284003025e-02
9.890000000000000000e+02 7.637367712539142039e-02
9.900000000000000000e+02 7.586144741289578552e-02
9.910000000000000000e+02 7.535064598172164230e-02
9.920000000000000000e+02 7.484220764475105203e-02
9.930000000000000000e+02 7.433518758333883258e-02
9.940000000000000000e+02 7.383051980967852979e-02
9.950000000000000000e+02 7.332726007412336544e-02
9.960000000000000000e+02 7.282634212503502624e-02
9.970000000000000000e+02 7.232682147776824111e-02
9.980000000000000000e+02 7.182963249651884430e-02
9.990000000000000000e+02 7.133382995832228402e-02
1.000000000000000000e+03 7.084034818454189308e-02
