0.000000000000000000e+00 1.000000000000000000e+00
1.000000000000000000e+00 9.999954149564223016e-01
2.000000000000000000e+00 9.999889797600634012e-01
3.000000000000000000e+00 9.999770391109452650e-01
4.000000000000000000e+00 9.999632966437658199e-01
5.000000000000000000e+00 9.999440391028509012e-01
6.000000000000000000e+00 9.999229891765940570e-01
7.000000000000000000e+00 9.998964404984409526e-01
8.000000000000000000e+00 9.998680851786816426e-01
9.000000000000000000e+00 9.998342531199293504e-01
1.000000000000000000e+01 9.997986343941852594e-01
1.100000000000000000e+01 9.997575515431349480e-01
1.200000000000000000e+01 9.997147228997492752e-01
1.300000000000000000e+01 9.996664479222753252e-01
1.400000000000000000e+01 9.996164444366198998e-01
1.500000000000000000e+01 9.995610260779798084e-01
1.600000000000000000e+01 9.995038903709727585e-01
1.700000000000000000e+01 9.994413712172105502e-01
1.800000000000000000e+01 9.993771744281944036e-01
1.900000000000000000e+01 9.993076209652722586e-01
2.000000000000000000e+01 9.992364363499469659e-01
2.100000000000000000e+01 9.991599296981251710e-01
2.200000000000000000e+01 9.990818182240366330e-01
2.300000000000000000e+01 9.989984283018513711e-01
2.400000000000000000e+01 9.989134641518903068e-01
2.500000000000000000e+01 9.988232622610870859e-01
2.600000000000000000e+01 9.987315401646997826e-01
2.700000000000000000e+01 9.986346192744690597e-01
2.800000000000000000e+01 9.985362289940951097e-01
2.900000000000000000e+01 9.984326872437577771e-01
3.000000000000000000e+01 9.983277110363193430e-01
3.100000000000000000e+01 9.982176353786030853e-01
3.200000000000000000e+01 9.981061711428284022e-01
3.300000000000000000e+01 9.979896550685279921e-01
3.400000000000000000e+01 9.978718129774649670e-01
3.500000000000000000e+01 9.977489671340378230e-01
3.600000000000000000e+01 9.976248476732235693e-01
3.700000000000000000e+01 9.974957799668309200e-01
3.800000000000000000e+01 9.973654805988577676e-01
3.900000000000000000e+01 9.972302892752789027e-01
4.000000000000000000e+01 9.970939226478805484e-01
4.100000000000000000e+01 9.969527154683031078e-01
4.200000000000000000e+01 9.968103981886954346e-01
4.300000000000000000e+01 9.966632938346068338e-01
4.400000000000000000e+01 9.965151304702341006e-01
4.500000000000000000e+01 9.963622389004267443e-01
4.600000000000000000e+01 9.962083349298721524e-01
4.700000000000000000e+01 9.960497591093639969e-01
4.800000000000000000e+01 9.958902323075308205e-01
4.900000000000000000e+01 9.957260855021569101e-01
5.000000000000000000e+01 9.955610500512586114e-01
5.100000000000000000e+01 9.953914493883521120e-01
5.200000000000000000e+01 9.952210073064398088e-01
5.300000000000000000e+01 9.950460575085625647e-01
5.400000000000000000e+01 9.948703146712452039e-01
5.500000000000000000e+01 9.946901167013247891e-01
5.600000000000000000e+01 9.945091866156164917e-01
5.700000000000000000e+01 9.943238504668586719e-01
5.800000000000000000e+01 9.941378370705896694e-01
5.900000000000000000e+01 9.939474697228574129e-01
6.000000000000000000e+01 9.937564665221568783e-01
6.100000000000000000e+01 9.935611612930325132e-01
6.200000000000000000e+01 9.933652672547264029e-01
6.300000000000000000e+01 9.931651168753734549e-01
6.400000000000000000e+01 9.929644329935337632e-01
6.500000000000000000e+01 9.927595362741242768e-01
6.600000000000000000e+01 9.925541501748870177e-01
6.700000000000000000e+01 9.923445971601256854e-01
6.800000000000000000e+01 9.921345890517063726e-01
6.900000000000000000e+01 9.919204571055818542e-01
7.000000000000000000e+01 9.917059127625357240e-01
7.100000000000000000e+01 9.914872812086494847e-01
7.200000000000000000e+01 9.912682828080824349e-01
7.300000000000000000e+01 9.910452330113171948e-01
7.400000000000000000e+01 9.908218480186099519e-01
7.500000000000000000e+01 9.905944486768907264e-01
7.600000000000000000e+01 9.903667407396162803e-01
7.700000000000000000e+01 9.901350506170802923e-01
7.800000000000000000e+01 9.899030876495492626e-01
7.900000000000000000e+01 9.896671689811903372e-01
8.000000000000000000e+01 9.894310105263368627e-01
8.100000000000000000e+01 9.891909231970299476e-01
8.200000000000000000e+01 9.889506151100824205e-01
8.300000000000000000e+01 9.887064047003721878e-01
8.400000000000000000e+01 9.884619925023822029e-01
8.500000000000000000e+01 9.882136984905310895e-01
8.600000000000000000e+01 9.879652295917037419e-01
8.700000000000000000e+01 9.877128952178954036e-01
8.800000000000000000e+01 9.874604054301651113e-01
8.900000000000000000e+01 9.872040675978186464e-01
9.000000000000000000e+01 9.869475820124485876e-01
9.100000000000000000e+01 9.866872639959517466e-01
9.200000000000000000e+01 9.864268101383162346e-01
9.300000000000000000e+01 9.861625332544483591e-01
9.400000000000000000e+01 9.858981375879629638e-01
9.500000000000000000e+01 9.856299260443407428e-01
9.600000000000000000e+01 9.853616021745286169e-01
9.700000000000000000e+01 9.850894709234847557e-01
9.800000000000000000e+01 9.848172259653732441e-01
9.900000000000000000e+01 9.845411790112948980e-01
1.000000000000000000e+02 9.842650241621829776e-01
1.010000000000000000e+02 9.839850672751412342e-01
1.020000000000000000e+02 9.837050097365593881e-01
1.030000000000000000e+02 9.834211498221749892e-01
1.040000000000000000e+02 9.831371847337182501e-01
1.050000000000000000e+02 9.828494180548127401e-01
1.060000000000000000e+02 9.825615387451117622e-01
1.070000000000000000e+02 9.822698547071668784e-01
1.080000000000000000e+02 9.819780589570522578e-01
1.090000000000000000e+02 9.816824514507924704e-01
1.100000000000000000e+02 9.813867307000118112e-01
1.110000000000000000e+02 9.810871925474679012e-01
1.120000000000000000e+02 9.807875287804542763e-01
1.130000000000000000e+02 9.804840424954806011e-01
1.140000000000000000e+02 9.801804202044264169e-01
1.150000000000000000e+02 9.798729661683329706e-01
1.160000000000000000e+02 9.795653734849439909e-01
1.170000000000000000e+02 9.792539379332673155e-01
1.180000000000000000e+02 9.789423553414563495e-01
1.190000000000000000e+02 9.786269212913041304e-01
1.200000000000000000e+02 9.783113237117433414e-01
1.210000000000000000e+02 9.779918658236457230e-01
1.220000000000000000e+02 9.776722339663133088e-01
1.230000000000000000e+02 9.773487293075019400e-01
1.240000000000000000e+02 9.770250458378755276e-01
1.250000000000000000e+02 9.766974772754830614e-01
1.260000000000000000e+02 9.763697171937242292e-01
1.270000000000000000e+02 9.760380627542397658e-01
1.280000000000000000e+02 9.757061999667968610e-01
1.290000000000000000e+02 9.753704325132519504e-01
1.300000000000000000e+02 9.750344485186260846e-01
1.310000000000000000e+02 9.746945469462895417e-01
1.320000000000000000e+02 9.743544230959036989e-01
1.330000000000000000e+02 9.740103708126555127e-01
1.340000000000000000e+02 9.736660820738873845e-01
1.350000000000000000e+02 9.733178569053049234e-01
1.360000000000000000e+02 9.729693814326212387e-01
1.370000000000000000e+02 9.726169599011607048e-01
1.380000000000000000e+02 9.722642836142728617e-01
1.390000000000000000e+02 9.719076504641385172e-01
1.400000000000000000e+02 9.715507571132555587e-01
1.410000000000000000e+02 9.711898994786187789e-01
1.420000000000000000e+02 9.708287687812287015e-01
1.430000000000000000e+02 9.704636685214499403e-01
1.440000000000000000e+02 9.700982867799005094e-01
1.450000000000000000e+02 9.697289283095703594e-01
1.460000000000000000e+02 9.693592882789308085e-01
1.470000000000000000e+02 9.689856647457054661e-01
1.480000000000000000e+02 9.686117555155797643e-01
1.490000000000000000e+02 9.682338600151592090e-01
1.500000000000000000e+02 9.678556696422717653e-01
1.510000000000000000e+02 9.674734913086759924e-01
1.520000000000000000e+02 9.670910164402529707e-01
1.530000000000000000e+02 9.667045501726566625e-01
1.540000000000000000e+02 9.663177915020586539e-01
1.550000000000000000e+02 9.659270398270848323e-01
1.560000000000000000e+02 9.655359937234280210e-01
1.570000000000000000e+02 9.651409568850489729e-01
1.580000000000000000e+02 9.647456217983578775e-01
1.590000000000000000e+02 9.643462981550972035e-01
1.600000000000000000e+02 9.639466814931602068e-01
1.610000000000000000e+02 9.635430772173193548e-01
1.620000000000000000e+02 9.631391874861771063e-01
1.630000000000000000e+02 9.627313139900361971e-01
1.640000000000000000e+02 9.623231556718744306e-01
1.650000000000000000e+02 9.619110205106909950e-01
1.660000000000000000e+02 9.614986028476034674e-01
1.670000000000000000e+02 9.610822141394739226e-01
1.680000000000000000e+02 9.606655541066005943e-01
1.690000000000000000e+02 9.602449283760359222e-01
1.700000000000000000e+02 9.598240411620261314e-01
1.710000000000000000e+02 9.593991970381374745e-01
1.720000000000000000e+02 9.589740949858885921e-01
1.730000000000000000e+02 9.585450466044326268e-01
1.740000000000000000e+02 9.581157485979354682e-01
1.750000000000000000e+02 9.576825130160465660e-01
1.760000000000000000e+02 9.572490431731024429e-01
1.770000000000000000e+02 9.568116449587309447e-01
1.780000000000000000e+02 9.563740233331452512e-01
1.790000000000000000e+02 9.559324859028835997e-01
1.800000000000000000e+02 9.554907314987864941e-01
1.810000000000000000e+02 9.550450741531296694e-01
1.820000000000000000e+02 9.545992131044273021e-01
1.830000000000000000e+02 9.541494598911072211e-01
1.840000000000000000e+02 9.536995203125346876e-01
1.850000000000000000e+02 9.532457006334970062e-01
1.860000000000000000e+02 9.527917052950218846e-01
1.870000000000000000e+02 9.523338446288893699e-01
1.880000000000000000e+02 9.518758172852849198e-01
1.890000000000000000e+02 9.514139382531586753e-01
1.900000000000000000e+02 9.509519091094130738e-01
1.910000000000000000e+02 9.504860400332595383e-01
1.920000000000000000e+02 9.500200378923354672e-01
1.930000000000000000e+02 9.495502094689872719e-01
1.940000000000000000e+02 9.490802576789438838e-01
1.950000000000000000e+02 9.486064948697863208e-01
1.960000000000000000e+02 9.481326196165555942e-01
1.970000000000000000e+02 9.476549463630071779e-01
1.980000000000000000e+02 9.471771784881493073e-01
1.990000000000000000e+02 9.466956243412992800e-01
2.000000000000000000e+02 9.462139903843106437e-01
2.010000000000000000e+02 9.457285840329910931e-01
2.020000000000000000e+02 9.452431060791041117e-01
2.030000000000000000e+02 9.447538698940677326e-01
2.040000000000000000e+02 9.442645741627200273e-01
2.050000000000000000e+02 9.437715315070822619e-01
2.060000000000000000e+02 9.432784463139842757e-01
2.070000000000000000e+02 9.427816250498721740e-01
2.080000000000000000e+02 9.422847724853770091e-01
2.090000000000000000e+02 9.417841967052750229e-01
2.100000000000000000e+02 9.412835962489937147e-01
2.110000000000000000e+02 9.407792844009883471e-01
2.120000000000000000e+02 9.402749601489113207e-01
2.130000000000000000e+02 9.397669334389986417e-01
2.140000000000000000e+02 9.392589087394264125e-01
2.150000000000000000e+02 9.387471909588634977e-01
2.160000000000000000e+02 9.382354822812338790e-01
2.170000000000000000e+02 9.377200913790285641e-01
2.180000000000000000e+02 9.372047148551713169e-01
2.190000000000000000e+02 9.366856648589924061e-01
2.200000000000000000e+02 9.361666408141131601e-01
2.210000000000000000e+02 9.356439496733013339e-01
2.220000000000000000e+02 9.351212950767044951e-01
2.230000000000000000e+02 9.345949809735516478e-01
2.240000000000000000e+02 9.340687065811213996e-01
2.250000000000000000e+02 9.335387809533439718e-01
2.260000000000000000e+02 9.330088994139275060e-01
2.270000000000000000e+02 9.324753721606011680e-01
2.280000000000000000e+02 9.319418990783175927e-01
2.290000000000000000e+02 9.314047843612288657e-01
2.300000000000000000e+02 9.308677300771044383e-01
2.310000000000000000e+02 9.303270399425801473e-01
2.320000000000000000e+02 9.297864103763237020e-01
2.330000000000000000e+02 9.292421505060057818e-01
2.340000000000000000e+02 9.286979552201781729e-01
2.350000000000000000e+02 9.281501323086454036e-01
2.360000000000000000e+02 9.276023820181745760e-01
2.370000000000000000e+02 9.270510064929207150e-01
2.380000000000000000e+02 9.264997057702119010e-01
2.390000000000000000e+02 9.259447840351331394e-01
2.400000000000000000e+02 9.253899355619571443e-01
2.410000000000000000e+02 9.248314691946567523e-01
2.420000000000000000e+02 9.242730802429015569e-01
2.430000000000000000e+02 9.237110740588766467e-01
2.440000000000000000e+02 9.231491510438282200e-01
2.450000000000000000e+02 9.225836123192451277e-01
2.460000000000000000e+02 9.220181557937414674e-01
2.470000000000000000e+02 9.214490866618898490e-01
2.480000000000000000e+02 9.208800980527923619e-01
2.490000000000000000e+02 9.203074981888424988e-01
2.500000000000000000e+02 9.197349835081078950e-01
2.510000000000000000e+02 9.191588573159004127e-01
2.520000000000000000e+02 9.185828198992596061e-01
2.530000000000000000e+02 9.180031725025340483e-01
2.540000000000000000e+02 9.174236111798610427e-01
2.550000000000000000e+02 9.168404424257242669e-01
2.560000000000000000e+02 9.162573593756078161e-01
2.570000000000000000e+02 9.156706693841060174e-01
2.580000000000000000e+02 9.150840704564685568e-01
2.590000000000000000e+02 9.144938645852758174e-01
2.600000000000000000e+02 9.139037516778441006e-01
2.610000000000000000e+02 9.133100341563148428e-01
2.620000000000000000e+02 9.127164068164697053e-01
2.630000000000000000e+02 9.121191774590808876e-01
2.640000000000000000e+02 9.115220403211741207e-01
2.650000000000000000e+02 9.109213017939542523e-01
2.660000000000000000e+02 9.103206615610708319e-01
2.670000000000000000e+02 9.097164212461048560e-01
2.680000000000000000e+02 9.091122801815801902e-01
2.690000000000000000e+02 9.085045427514062411e-01
2.700000000000000000e+02 9.078969033057174842e-01
2.710000000000000000e+02 9.072856706993736031e-01
2.720000000000000000e+02 9.066745411217886907e-01
2.730000000000000000e+02 9.060598200879322883e-01
2.740000000000000000e+02 9.054452087512290248e-01
2.750000000000000000e+02 9.048270093527825964e-01
2.760000000000000000e+02 9.042089205798991003e-01
2.770000000000000000e+02 9.035872491694586506e-01
2.780000000000000000e+02 9.029656899135122261e-01
2.790000000000000000e+02 9.023405522849530236e-01
2.800000000000000000e+02 9.017155348966913175e-01
2.810000000000000000e+02 9.010869426542795768e-01
2.820000000000000000e+02 9.004584777204382995e-01
2.830000000000000000e+02 8.998264438126614140e-01
2.840000000000000000e+02 8.991945390554939577e-01
2.850000000000000000e+02 8.985590724921210803e-01
2.860000000000000000e+02 8.979237401656409157e-01
2.870000000000000000e+02 8.972848516526761298e-01
2.880000000000000000e+02 8.966461080192315025e-01
2.890000000000000000e+02 8.960038139683924596e-01
2.900000000000000000e+02 8.953616720708794663e-01
2.910000000000000000e+02 8.947159881072621612e-01
2.920000000000000000e+02 8.940704598697040151e-01
2.930000000000000000e+02 8.934213982587725367e-01
2.940000000000000000e+02 8.927725011612321904e-01
2.950000000000000000e+02 8.921200777781888025e-01
2.960000000000000000e+02 8.914678312361840051e-01
2.970000000000000000e+02 8.908120665132414073e-01
2.980000000000000000e+02 8.901564859758065440e-01
2.990000000000000000e+02 8.894973976881260791e-01
3.000000000000000000e+02 8.888384994501475900e-01
3.010000000000000000e+02 8.881761032742498951e-01
3.020000000000000000e+02 8.875139091682603398e-01
3.030000000000000000e+02 8.868482256114781359e-01
3.040000000000000000e+02 8.861827570694938982e-01
3.050000000000000000e+02 8.855138092560530527e-01
3.060000000000000000e+02 8.848450838325202517e-01
3.070000000000000000e+02 8.841728909734487551e-01
3.080000000000000000e+02 8.835009288724235965e-01
3.090000000000000000e+02 8.828255097644359672e-01
3.100000000000000000e+02 8.821503356981876820e-01
3.110000000000000000e+02 8.814717142816548279e-01
3.120000000000000000e+02 8.807933504161811200e-01
3.130000000000000000e+02 8.801115509075959631e-01
3.140000000000000000e+02 8.794300164147031973e-01
3.150000000000000000e+02 8.787450586967091581e-01
3.160000000000000000e+02 8.780603766951792233e-01
3.170000000000000000e+02 8.773722820052888283e-01
3.180000000000000000e+02 8.766844782997451624e-01
3.190000000000000000e+02 8.759932723813871336e-01
3.200000000000000000e+02 8.753023686744614285e-01
3.210000000000000000e+02 8.746080752575657868e-01
3.220000000000000000e+02 8.739140917381649221e-01
3.230000000000000000e+02 8.732167306845924903e-01
3.240000000000000000e+02 8.725196920348687879e-01
3.250000000000000000e+02 8.718192860647057119e-01
3.260000000000000000e+02 8.711192173969833918e-01
3.270000000000000000e+02 8.704157922840253248e-01
3.280000000000000000e+02 8.697127139159145370e-01
3.290000000000000000e+02 8.690062916088245881e-01
3.300000000000000000e+02 8.683002241116162256e-01
3.310000000000000000e+02 8.675908239200472716e-01
3.320000000000000000e+02 8.668817920552677192e-01
3.330000000000000000e+02 8.661694370906171114e-01
3.340000000000000000e+02 8.654574637919717484e-01
3.350000000000000000e+02 8.647421782387877398e-01
3.360000000000000000e+02 8.640272819146131988e-01
3.370000000000000000e+02 8.633090851216459471e-01
3.380000000000000000e+02 8.625912861291443745e-01
3.390000000000000000e+02 8.618701965309139013e-01
3.400000000000000000e+02 8.611495183307316115e-01
3.410000000000000000e+02 8.604255583665356699e-01
3.420000000000000000e+02 8.597020207515624346e-01
3.430000000000000000e+02 8.589752118047943030e-01
3.440000000000000000e+02 8.582488311863489816e-01
3.450000000000000000e+02 8.575191897568910093e-01
3.460000000000000000e+02 8.567899857816020370e-01
3.470000000000000000e+02 8.560575293200647362e-01
3.480000000000000000e+02 8.553255230821708022e-01
3.490000000000000000e+02 8.545902724728571265e-01
3.500000000000000000e+02 8.538554803085799394e-01
3.510000000000000000e+02 8.531174535030405792e-01
3.520000000000000000e+02 8.523798901338457412e-01
3.530000000000000000e+02 8.516391010908990200e-01
3.540000000000000000e+02 8.508987851027963734e-01
3.550000000000000000e+02 8.501552503651922388e-01
3.560000000000000000e+02 8.494121998880257429e-01
3.570000000000000000e+02 8.486659382049276390e-01
3.580000000000000000e+02 8.479201664529666393e-01
3.590000000000000000e+02 8.471711923620469653e-01
3.600000000000000000e+02 8.464227129624685153e-01
3.610000000000000000e+02 8.456710386372724431e-01
3.620000000000000000e+02 8.449198689401143936e-01
3.630000000000000000e+02 8.441655102238146968e-01
3.640000000000000000e+02 8.434116653359905458e-01
3.650000000000000000e+02 8.426546386391720045e-01
3.660000000000000000e+02 8.418981295308359813e-01
3.670000000000000000e+02 8.411384465990425774e-01
3.680000000000000000e+02 8.403792865413513002e-01
3.690000000000000000e+02 8.396169587885269348e-01
3.700000000000000000e+02 8.388551639033136054e-01
3.710000000000000000e+02 8.380902067512944198e-01
3.720000000000000000e+02 8.373257895852396215e-01
3.730000000000000000e+02 8.365582172944054928e-01
3.740000000000000000e+02 8.357911878004741224e-01
3.750000000000000000e+02 8.350210104054016647e-01
3.760000000000000000e+02 8.342513822249998379e-01
3.770000000000000000e+02 8.334786114648565780e-01
3.780000000000000000e+02 8.327063996707786409e-01
3.790000000000000000e+02 8.319310508350072908e-01
3.800000000000000000e+02 8.311562662950287006e-01
3.810000000000000000e+02 8.303783520285564768e-01
3.820000000000000000e+02 8.296010050124350554e-01
3.830000000000000000e+02 8.288205349646990960e-01
3.840000000000000000e+02 8.280406400634725550e-01
3.850000000000000000e+02 8.272576272392817565e-01
3.860000000000000000e+02 8.264751987967210445e-01
3.870000000000000000e+02 8.256896586060802345e-01
3.880000000000000000e+02 8.249047069434298773e-01
3.890000000000000000e+02 8.241166511988002874e-01
3.900000000000000000e+02 8.233291880984481281e-01
3.910000000000000000e+02 8.225386273893714462e-01
3.920000000000000000e+02 8.217486687319865979e-01
3.930000000000000000e+02 8.209556179642230056e-01
3.940000000000000000e+02 8.201631777789814004e-01
3.950000000000000000e+02 8.193676526712000419e-01
3.960000000000000000e+02 8.185727419134585237e-01
3.970000000000000000e+02 8.177747543420995635e-01
3.980000000000000000e+02 8.169773871592810321e-01
3.990000000000000000e+02 8.161769497464037570e-01
4.000000000000000000e+02 8.153771433719837480e-01
4.010000000000000000e+02 8.145742731622860333e-01
4.020000000000000000e+02 8.137720417622238411e-01
4.030000000000000000e+02 8.129667548959669254e-01
4.040000000000000000e+02 8.121621110856880321e-01
4.050000000000000000e+02 8.113544203637724772e-01
4.060000000000000000e+02 8.105473810332065598e-01
4.070000000000000000e+02 8.097373017900821868e-01
4.080000000000000000e+02 8.089278853308794481e-01
4.090000000000000000e+02 8.081154365787134308e-01
4.100000000000000000e+02 8.073036577200358721e-01
4.110000000000000000e+02 8.064888560636541692e-01
4.120000000000000000e+02 8.056747297833805055e-01
4.130000000000000000e+02 8.048575896329301926e-01
4.140000000000000000e+02 8.040411354275260880e-01
4.150000000000000000e+02 8.032216749989600224e-01
4.160000000000000000e+02 8.024029120322064834e-01
4.170000000000000000e+02 8.015811517886747284e-01
4.180000000000000000e+02 8.007600956957804383e-01
4.190000000000000000e+02 7.999360526950465289e-01
4.200000000000000000e+02 7.991127210880482057e-01
4.210000000000000000e+02 7.982864117512999957e-01
4.220000000000000000e+02 7.974608261401444631e-01
4.230000000000000000e+02 7.966322712201032719e-01
4.240000000000000000e+02 7.958044510599481258e-01
4.250000000000000000e+02 7.949736717331542524e-01
4.260000000000000000e+02 7.941436337772761478e-01
4.270000000000000000e+02 7.933106475076610042e-01
4.280000000000000000e+02 7.924784118145141720e-01
4.290000000000000000e+02 7.916432370955911457e-01
4.300000000000000000e+02 7.908088262747138275e-01
4.310000000000000000e+02 7.899714856259968387e-01
4.320000000000000000e+02 7.891349189542952169e-01
4.330000000000000000e+02 7.882954334636801397e-01
4.340000000000000000e+02 7.874567288649579888e-01
4.350000000000000000e+02 7.866151163388598322e-01
4.360000000000000000e+02 7.857742957231835801e-01
4.370000000000000000e+02 7.849305764494790560e-01
4.380000000000000000e+02 7.840876624788024607e-01
4.390000000000000000e+02 7.832418597094752410e-01
4.400000000000000000e+02 7.823968711179716262e-01
4.410000000000000000e+02 7.815490051442010033e-01
4.420000000000000000e+02 7.807019609139069782e-01
4.430000000000000000e+02 7.798520498176252369e-01
4.440000000000000000e+02 7.790029728305056800e-01
4.450000000000000000e+02 7.781510381358504036e-01
4.460000000000000000e+02 7.772999501284028057e-01
4.470000000000000000e+02 7.764460147228654519e-01
4.480000000000000000e+02 7.755929336924241024e-01
4.490000000000000000e+02 7.747370165871914072e-01
4.500000000000000000e+02 7.738819623171101503e-01
4.510000000000000000e+02 7.730240818071761888e-01
4.520000000000000000e+02 7.721670771554732804e-01
4.530000000000000000e+02 7.713072552692054051e-01
4.540000000000000000e+02 7.704483203185202855e-01
4.550000000000000000e+02 7.695865786242729323e-01
4.560000000000000000e+02 7.687257306378166843e-01
4.570000000000000000e+02 7.678620866889956931e-01
4.580000000000000000e+02 7.669993458932209407e-01
4.590000000000000000e+02 7.661338181428141159e-01
4.600000000000000000e+02 7.652692064442840891e-01
4.610000000000000000e+02 7.644018166533864678e-01
4.620000000000000000e+02 7.635353521279990563e-01
4.630000000000000000e+02 7.626661199048131445e-01
4.640000000000000000e+02 7.617978192669944137e-01
4.650000000000000000e+02 7.609267608533830662e-01
4.660000000000000000e+02 7.600566443735452538e-01
4.670000000000000000e+02 7.591837783329106193e-01
4.680000000000000000e+02 7.583118662741455962e-01
4.690000000000000000e+02 7.574372134283842151e-01
4.700000000000000000e+02 7.565635219337483175e-01
4.710000000000000000e+02 7.556870997115016086e-01
4.720000000000000000e+02 7.548116452657943620e-01
4.730000000000000000e+02 7.539334690241236148e-01
4.740000000000000000e+02 7.530562715697709519e-01
4.750000000000000000e+02 7.521763599422460755e-01
4.760000000000000000e+02 7.512974377627519296e-01
4.770000000000000000e+02 7.504158101789276669e-01
4.780000000000000000e+02 7.495351779554172422e-01
4.790000000000000000e+02 7.486518498937481114e-01
4.800000000000000000e+02 7.477695242630590933e-01
4.810000000000000000e+02 7.468845108089465779e-01
4.820000000000000000e+02 7.460005111053403803e-01
4.830000000000000000e+02 7.451138309310635366e-01
4.840000000000000000e+02 7.442281735313057700e-01
4.850000000000000000e+02 7.433398445181244041e-01
4.860000000000000000e+02 7.424525434071150842e-01
4.870000000000000000e+02 7.415625797054036239e-01
4.880000000000000000e+02 7.406736520377531496e-01
4.890000000000000000e+02 7.397820691361907119e-01
4.900000000000000000e+02 7.388915334992947059e-01
4.910000000000000000e+02 7.379983500898870119e-01
4.920000000000000000e+02 7.371062214130439383e-01
4.930000000000000000e+02 7.362114539938898750e-01
4.940000000000000000e+02 7.353177464729847568e-01
4.950000000000000000e+02 7.344214087544767011e-01
4.960000000000000000e+02 7.335261403416106774e-01
4.970000000000000000e+02 7.326282488219479916e-01
4.980000000000000000e+02 7.317314373859969967e-01
4.990000000000000000e+02 7.308320107754514572e-01
5.000000000000000000e+02 7.299336705510526269e-01
5.010000000000000000e+02 7.290327244160597076e-01
5.020000000000000000e+02 7.281328706842695730e-01
5.030000000000000000e+02 7.272304192768134223e-01
5.040000000000000000e+02 7.263290709317788973e-01
5.050000000000000000e+02 7.254251321850734291e-01
5.060000000000000000e+02 7.245223065684441854e-01
5.070000000000000000e+02 7.236168992313969373e-01
5.080000000000000000e+02 7.227126107841009839e-01
5.090000000000000000e+02 7.218057501423585931e-01
5.100000000000000000e+02 7.209000159085275916e-01
5.110000000000000000e+02 7.199917176448726863e-01
5.120000000000000000e+02 7.190845574494907355e-01
5.130000000000000000e+02 7.181748411029253987e-01
5.140000000000000000e+02 7.172662720804456882e-01
5.150000000000000000e+02 7.163551564817025596e-01
5.160000000000000000e+02 7.154451941575029617e-01
5.170000000000000000e+02 7.145326950381120090e-01
5.180000000000000000e+02 7.136213585783686142e-01
5.190000000000000000e+02 7.127074936835897656e-01
5.200000000000000000e+02 7.117948036865732186e-01
5.210000000000000000e+02 7.108795940529341051e-01
5.220000000000000000e+02 7.099655678353375965e-01
5.230000000000000000e+02 7.090490324368760033e-01
5.240000000000000000e+02 7.081336872986504494e-01
5.250000000000000000e+02 7.072158429773680588e-01
5.260000000000000000e+02 7.062992001856279733e-01
5.270000000000000000e+02 7.053800670083444357e-01
5.280000000000000000e+02 7.044621476658876613e-01
5.290000000000000000e+02 7.035417478066094965e-01
5.300000000000000000e+02 7.026225697965878814e-01
5.310000000000000000e+02 7.017009224413691681e-01
5.320000000000000000e+02 7.007805052106529375e-01
5.330000000000000000e+02 6.998576287872139146e-01
5.340000000000000000e+02 6.989359953120839464e-01
5.350000000000000000e+02 6.980119120499818086e-01
5.360000000000000000e+02 6.970890836098425636e-01
5.370000000000000000e+02 6.961638162799334006e-01
5.380000000000000000e+02 6.952398116265732231e-01
5.390000000000000000e+02 6.943133796861202800e-01
5.400000000000000000e+02 6.933882203967953739e-01
5.410000000000000000e+02 6.924606440516177797e-01
5.420000000000000000e+02 6.915343541253092807e-01
5.430000000000000000e+02 6.906056572220657941e-01
5.440000000000000000e+02 6.896782577854251306e-01
5.450000000000000000e+02 6.887484630705482669e-01
5.460000000000000000e+02 6.878199738992193391e-01
5.470000000000000000e+02 6.868891011311127892e-01
5.480000000000000000e+02 6.859595455272148312e-01
5.490000000000000000e+02 6.850276165566951958e-01
5.500000000000000000e+02 6.840970186874085757e-01
5.510000000000000000e+02 6.831640581460152184e-01
5.520000000000000000e+02 6.822324387066186491e-01
5.530000000000000000e+02 6.812984687235692505e-01
5.540000000000000000e+02 6.803658484814015805e-01
5.550000000000000000e+02 6.794308890984019911e-01
5.560000000000000000e+02 6.784972923562742064e-01
5.570000000000000000e+02 6.775613666268809343e-01
5.580000000000000000e+02 6.766268168505277236e-01
5.590000000000000000e+02 6.756899492222419035e-01
5.600000000000000000e+02 6.747544664853271090e-01
5.610000000000000000e+02 6.738166780040399928e-01
5.620000000000000000e+02 6.728802838387138996e-01
5.630000000000000000e+02 6.719415947513763809e-01
5.640000000000000000e+02 6.710043135459307084e-01
5.650000000000000000e+02 6.700647474302026119e-01
5.660000000000000000e+02 6.691266012150137721e-01
5.670000000000000000e+02 6.681861814003282607e-01
5.680000000000000000e+02 6.672471895433449429e-01
5.690000000000000000e+02 6.663059357231919666e-01
5.700000000000000000e+02 6.653661201284092330e-01
5.710000000000000000e+02 6.644240526146319992e-01
5.720000000000000000e+02 6.634834368110763547e-01
5.730000000000000000e+02 6.625405789069316320e-01
5.740000000000000000e+02 6.615991830134301255e-01
5.750000000000000000e+02 6.606555561932819787e-01
5.760000000000000000e+02 6.597133988911518809e-01
5.770000000000000000e+02 6.587690214557175850e-01
5.780000000000000000e+02 6.578261245226755261e-01
5.790000000000000000e+02 6.568810166569920561e-01
5.800000000000000000e+02 6.559374019547516976e-01
5.810000000000000000e+02 6.549915859088639714e-01
5.820000000000000000e+02 6.540472714985992031e-01
5.830000000000000000e+02 6.531007664758333719e-01
5.840000000000000000e+02 6.521557704541247613e-01
5.850000000000000000e+02 6.512085935405824699e-01
5.860000000000000000e+02 6.502629370390207164e-01
5.870000000000000000e+02 6.493151080739208991e-01
5.880000000000000000e+02 6.483688107566869530e-01
5.890000000000000000e+02 6.474203503154553063e-01
5.900000000000000000e+02 6.464734283818256433e-01
5.910000000000000000e+02 6.455243533664809519e-01
5.920000000000000000e+02 6.445768244815239800e-01
5.930000000000000000e+02 6.436271511128739409e-01
5.940000000000000000e+02 6.426790353120568344e-01
5.950000000000000000e+02 6.417287828714645093e-01
5.960000000000000000e+02 6.407800974600937893e-01
5.970000000000000000e+02 6.398292844954484027e-01
5.980000000000000000e+02 6.388800442999320595e-01
5.990000000000000000e+02 6.379286857626695895e-01
6.000000000000000000e+02 6.369789081863014291e-01
6.010000000000000000e+02 6.360270198789313989e-01
6.020000000000000000e+02 6.350767235641537889e-01
6.030000000000000000e+02 6.341243240440951334e-01
6.040000000000000000e+02 6.331735241700453543e-01
6.050000000000000000e+02 6.322206299376017524e-01
6.060000000000000000e+02 6.312693406422462683e-01
6.070000000000000000e+02 6.303159653585215239e-01
6.080000000000000000e+02 6.293642039388611664e-01
6.090000000000000000e+02 6.284103634481594813e-01
6.100000000000000000e+02 6.274581470691772411e-01
6.110000000000000000e+02 6.265038591211665731e-01
6.120000000000000000e+02 6.255512014180003577e-01
6.130000000000000000e+02 6.245964807840885813e-01
6.140000000000000000e+02 6.236433959583340680e-01
6.150000000000000000e+02 6.226882558552415681e-01
6.160000000000000000e+02 6.217347612176369331e-01
6.170000000000000000e+02 6.207792179249538300e-01
6.180000000000000000e+02 6.198253293147321097e-01
6.190000000000000000e+02 6.188693997987927409e-01
6.200000000000000000e+02 6.179151301330371160e-01
6.210000000000000000e+02 6.169588280397731994e-01
6.220000000000000000e+02 6.160041922697211403e-01
6.230000000000000000e+02 6.150475312502946545e-01
6.240000000000000000e+02 6.140925467759792422e-01
6.250000000000000000e+02 6.131355438111784073e-01
6.260000000000000000e+02 6.121802255162683837e-01
6.270000000000000000e+02 6.112228969307471615e-01
6.280000000000000000e+02 6.102672579366006378e-01
6.290000000000000000e+02 6.093096170344091123e-01
6.300000000000000000e+02 6.083536735461662071e-01
6.310000000000000000e+02 6.073957351706417152e-01
6.320000000000000000e+02 6.064395047113384507e-01
6.330000000000000000e+02 6.054812866498872070e-01
6.340000000000000000e+02 6.045247836789360285e-01
6.350000000000000000e+02 6.035663018616432840e-01
6.360000000000000000e+02 6.026095405609308564e-01
6.370000000000000000e+02 6.016508087770489066e-01
6.380000000000000000e+02 6.006938068500481398e-01
6.390000000000000000e+02 5.997348416438260665e-01
6.400000000000000000e+02 5.987776167395036930e-01
6.410000000000000000e+02 5.978184366484554646e-01
6.420000000000000000e+02 5.968610034063119851e-01
6.430000000000000000e+02 5.959016242858626855e-01
6.440000000000000000e+02 5.949439985898756778e-01
6.450000000000000000e+02 5.939844354403891469e-01
6.460000000000000000e+02 5.930266364484970687e-01
6.470000000000000000e+02 5.920669076947978615e-01
6.480000000000000000e+02 5.911089531686789522e-01
6.490000000000000000e+02 5.901490779072486870e-01
6.500000000000000000e+02 5.891909832398956048e-01
6.510000000000000000e+02 5.882309775947047736e-01
6.520000000000000000e+02 5.872727606903279662e-01
6.530000000000000000e+02 5.863126413705723738e-01
6.540000000000000000e+02 5.853543225330400945e-01
6.550000000000000000e+02 5.843941096749595276e-01
6.560000000000000000e+02 5.834357067623419102e-01
6.570000000000000000e+02 5.824754197438454240e-01
6.580000000000000000e+02 5.815169493433675063e-01
6.590000000000000000e+02 5.805566048648598265e-01
6.600000000000000000e+02 5.795980868454136958e-01
6.610000000000000000e+02 5.786377035074895536e-01
6.620000000000000000e+02 5.776791588143905809e-01
6.630000000000000000e+02 5.767187579887159687e-01
6.640000000000000000e+02 5.757602045643713806e-01
6.650000000000000000e+02 5.747998056044011372e-01
6.660000000000000000e+02 5.738412614571100079e-01
6.670000000000000000e+02 5.728808818546763382e-01
6.680000000000000000e+02 5.719223684047685108e-01
6.690000000000000000e+02 5.709620284876705254e-01
6.700000000000000000e+02 5.700035667205330947e-01
6.710000000000000000e+02 5.690432884070649733e-01
6.720000000000000000e+02 5.680848963412822306e-01
6.730000000000000000e+02 5.671246986822151559e-01
6.740000000000000000e+02 5.661663957143558967e-01
6.750000000000000000e+02 5.652062970693100263e-01
6.760000000000000000e+02 5.642481054784108663e-01
6.770000000000000000e+02 5.632881274205143729e-01
6.780000000000000000e+02 5.623300676436994161e-01
6.790000000000000000e+02 5.613702318637044941e-01
6.800000000000000000e+02 5.604123219837902070e-01
6.810000000000000000e+02 5.594526470227474402e-01
6.820000000000000000e+02 5.584949075308358601e-01
6.830000000000000000e+02 5.575354125293376928e-01
6.840000000000000000e+02 5.565778657162790966e-01
6.850000000000000000e+02 5.556185727775547756e-01
6.860000000000000000e+02 5.546612380573164858e-01
6.870000000000000000e+02 5.537021679219437109e-01
6.880000000000000000e+02 5.527450634136692464e-01
6.890000000000000000e+02 5.517862340012756883e-01
6.900000000000000000e+02 5.508293807802335795e-01
6.910000000000000000e+02 5.498708117650410454e-01
6.920000000000000000e+02 5.489142312820927128e-01
6.930000000000000000e+02 5.479559444731491036e-01
6.940000000000000000e+02 5.469996548310136486e-01
6.950000000000000000e+02 5.460416694692988848e-01
6.960000000000000000e+02 5.450856887672166362e-01
6.970000000000000000e+02 5.441280221368622882e-01
6.980000000000000000e+02 5.431723713901411843e-01
6.990000000000000000e+02 5.422150433222677757e-01
7.000000000000000000e+02 5.412597424313034811e-01
7.010000000000000000e+02 5.403027736494356859e-01
7.020000000000000000e+02 5.393478393390921388e-01
7.030000000000000000e+02 5.383912472937665283e-01
7.040000000000000000e+02 5.374366975510073141e-01
7.050000000000000000e+02 5.364804989570342020e-01
7.060000000000000000e+02 5.355263540666680422e-01
7.070000000000000000e+02 5.345705684616132158e-01
7.080000000000000000e+02 5.336168463217733082e-01
7.090000000000000000e+02 5.326614927196555715e-01
7.100000000000000000e+02 5.317082088243817450e-01
7.110000000000000000e+02 5.307533028884043880e-01
7.120000000000000000e+02 5.298004749844403838e-01
7.130000000000000000e+02 5.288460329754071099e-01
7.140000000000000000e+02 5.278936800332316714e-01
7.150000000000000000e+02 5.269397207424296736e-01
7.160000000000000000e+02 5.259878585331799750e-01
7.170000000000000000e+02 5.250343989116726950e-01
7.180000000000000000e+02 5.240830420130286882e-01
7.190000000000000000e+02 5.231300962149929568e-01
7.200000000000000000e+02 5.221792619807988922e-01
7.210000000000000000e+02 5.212268459408379018e-01
7.220000000000000000e+02 5.202765516290432934e-01
7.230000000000000000e+02 5.193246830122834057e-01
7.240000000000000000e+02 5.183749424778727466e-01
7.250000000000000000e+02 5.174236361435452514e-01
7.260000000000000000e+02 5.164744634561938552e-01
7.270000000000000000e+02 5.155237325358652534e-01
7.280000000000000000e+02 5.145751444994963730e-01
7.290000000000000000e+02 5.136250047082295822e-01
7.300000000000000000e+02 5.126770167227076014e-01
7.310000000000000000e+02 5.117274843578443200e-01
7.320000000000000000e+02 5.107801088572265780e-01
7.330000000000000000e+02 5.098311969778823727e-01
7.340000000000000000e+02 5.088844479406510191e-01
7.350000000000000000e+02 5.079361692492210256e-01
7.360000000000000000e+02 5.069900627945972404e-01
7.370000000000000000e+02 5.060424328485472190e-01
7.380000000000000000e+02 5.050969826484082992e-01
7.390000000000000000e+02 5.041500163174799098e-01
7.400000000000000000e+02 5.032052340644578292e-01
7.410000000000000000e+02 5.022589431595345655e-01
7.420000000000000000e+02 5.013148430855948190e-01
7.430000000000000000e+02 5.003692404651646219e-01
7.440000000000000000e+02 4.994258379197400455e-01
7.450000000000000000e+02 4.984809389916261546e-01
7.460000000000000000e+02 4.975382462990333710e-01
7.470000000000000000e+02 4.965940646404116143e-01
7.480000000000000000e+02 4.956520934859981464e-01
7.490000000000000000e+02 4.947086403664007759e-01
7.500000000000000000e+02 4.937674054472347418e-01
7.510000000000000000e+02 4.928246943506550681e-01
7.520000000000000000e+02 4.918842102330729937e-01
7.530000000000000000e+02 4.909422563773064296e-01
7.540000000000000000e+02 4.900025345994966641e-01
7.550000000000000000e+02 4.890613505782466230e-01
7.560000000000000000e+02 4.881224034720710314e-01
7.570000000000000000e+02 4.871820007449839673e-01
7.580000000000000000e+02 4.862438435201348885e-01
7.590000000000000000e+02 4.853042364694574173e-01
7.600000000000000000e+02 4.843668829786647589e-01
7.610000000000000000e+02 4.834280865612310407e-01
7.620000000000000000e+02 4.824915481979740739e-01
7.630000000000000000e+02 4.815535744552857933e-01
7.640000000000000000e+02 4.806178646555720468e-01
7.650000000000000000e+02 4.796807258616118674e-01
7.660000000000000000e+02 4.787458602339900726e-01
7.670000000000000000e+02 4.778095717049593572e-01
7.680000000000000000e+02 4.768755635369651968e-01
7.690000000000000000e+02 4.759401398917899040e-01
7.700000000000000000e+02 4.750070010389362274e-01
7.710000000000000000e+02 4.740724542459180402e-01
7.720000000000000000e+02 4.731401994335261985e-01
7.730000000000000000e+02 4.722065429884056420e-01
7.740000000000000000e+02 4.712751879827284940e-01
7.750000000000000000e+02 4.703424379399291921e-01
7.760000000000000000e+02 4.694119956709831287e-01
7.770000000000000000e+02 4.684801662532311339e-01
7.780000000000000000e+02 4.675506495028730614e-01
7.790000000000000000e+02 4.666197530479102573e-01
7.800000000000000000e+02 4.656911777193843971e-01
7.810000000000000000e+02 4.647612290673398538e-01
7.820000000000000000e+02 4.638336107725681279e-01
7.830000000000000000e+02 4.629046263373762238e-01
7.840000000000000000e+02 4.619779778827395877e-01
7.850000000000000000e+02 4.610499714698220175e-01
7.860000000000000000e+02 4.601243068039241879e-01
7.870000000000000000e+02 4.591972914480011436e-01
7.880000000000000000e+02 4.582726272749698682e-01
7.890000000000000000e+02 4.573466189834581308e-01
7.900000000000000000e+02 4.564229704446776115e-01
7.910000000000000000e+02 4.554979855096856212e-01
7.920000000000000000e+02 4.545753655070521870e-01
7.930000000000000000e+02 4.536514173406720474e-01
7.940000000000000000e+02 4.527298409654401667e-01
7.950000000000000000e+02 4.518069434527888228e-01
7.960000000000000000e+02 4.508864276459020881e-01
7.970000000000000000e+02 4.499645975246465701e-01
7.980000000000000000e+02 4.490451566999115185e-01
7.990000000000000000e+02 4.481244096522215004e-01
8.000000000000000000e+02 4.472060569701925559e-01
8.010000000000000000e+02 4.462864060793861332e-01
8.020000000000000000e+02 4.453691574928504426e-01
8.030000000000000000e+02 4.444506174454927461e-01
8.040000000000000000e+02 4.435344894916624092e-01
8.050000000000000000e+02 4.426170771449421948e-01
8.060000000000000000e+02 4.417020833599232255e-01
8.070000000000000000e+02 4.407858133839679948e-01
8.080000000000000000e+02 4.398719672607478981e-01
8.090000000000000000e+02 4.389568524996249055e-01
8.100000000000000000e+02 4.380441703683746746e-01
8.110000000000000000e+02 4.371302260669155948e-01
8.120000000000000000e+02 4.362187234653348566e-01
8.130000000000000000e+02 4.353059659319416519e-01
8.140000000000000000e+02 4.343956554989780172e-01
8.150000000000000000e+02 4.334840981481234423e-01
8.160000000000000000e+02 4.325749936752794067e-01
8.170000000000000000e+02 4.316646492035336458e-01
8.180000000000000000e+02 4.307567668016830664e-01
8.190000000000000000e+02 4.298476506182465906e-01
8.200000000000000000e+02 4.289410043839113063e-01
8.210000000000000000e+02 4.280331316467486658e-01
8.220000000000000000e+02 4.271277334293720473e-01
8.230000000000000000e+02 4.262211162516507668e-01
8.240000000000000000e+02 4.253169800009414248e-01
8.250000000000000000e+02 4.244116310015221827e-01
8.260000000000000000e+02 4.235087720101791686e-01
8.270000000000000000e+02 4.226047062893851791e-01
8.280000000000000000e+02 4.217031370028592185e-01
8.290000000000000000e+02 4.208003681427181508e-01
8.300000000000000000e+02 4.199000998271038565e-01
8.310000000000000000e+02 4.189986387922458033e-01
8.320000000000000000e+02 4.180996853305638528e-01
8.330000000000000000e+02 4.171995446903143390e-01
8.340000000000000000e+02 4.163019200659395236e-01
8.350000000000000000e+02 4.154031141455941656e-01
8.360000000000000000e+02 4.145068292073015859e-01
8.370000000000000000e+02 4.136093698385840400e-01
8.380000000000000000e+02 4.127144355271865628e-01
8.390000000000000000e+02 4.118183328403535182e-01
8.400000000000000000e+02 4.109247627018248750e-01
8.410000000000000000e+02 4.100300291931143759e-01
8.420000000000000000e+02 4.091378356074755751e-01
8.430000000000000000e+02 4.082444844538485884e-01
8.440000000000000000e+02 4.073536769745069175e-01
8.450000000000000000e+02 4.064617183614851470e-01
8.460000000000000000e+02 4.055723078595888098e-01
8.470000000000000000e+02 4.046817514926280279e-01
8.480000000000000000e+02 4.037937509108944223e-01
8.490000000000000000e+02 4.029046091400271257e-01
8.500000000000000000e+02 4.020180292108008757e-01
8.510000000000000000e+02 4.011303138534231261e-01
8.520000000000000000e+02 4.002451633202253056e-01
8.530000000000000000e+02 3.993588832737360317e-01
8.540000000000000000e+02 3.984751731403010644e-01
8.550000000000000000e+02 3.975903381090029054e-01
8.560000000000000000e+02 3.967080805036509727e-01
8.570000000000000000e+02 3.958247025829956800e-01
8.580000000000000000e+02 3.949439068020297317e-01
8.590000000000000000e+02 3.940619964404369346e-01
8.600000000000000000e+02 3.931826709918775919e-01
8.610000000000000000e+02 3.923022363397634660e-01
8.620000000000000000e+02 3.914243924712929035e-01
8.630000000000000000e+02 3.905454435887679154e-01
8.640000000000000000e+02 3.896690925005090733e-01
8.650000000000000000e+02 3.887916411082917856e-01
8.660000000000000000e+02 3.879167910870902625e-01
8.670000000000000000e+02 3.870408464596402642e-01
8.680000000000000000e+02 3.861675063319751633e-01
8.690000000000000000e+02 3.852930764934112684e-01
8.700000000000000000e+02 3.844212577539920517e-01
8.710000000000000000e+02 3.835483533455026905e-01
8.720000000000000000e+02 3.826780662747993333e-01
8.730000000000000000e+02 3.818066985378799627e-01
8.740000000000000000e+02 3.809379509743051062e-01
8.750000000000000000e+02 3.800681283735126703e-01
8.760000000000000000e+02 3.792009298927308536e-01
8.770000000000000000e+02 3.783326609096032134e-01
8.780000000000000000e+02 3.774670231532501474e-01
8.790000000000000000e+02 3.766003190659868438e-01
8.800000000000000000e+02 3.757362515279413229e-01
8.810000000000000000e+02 3.748711230350855184e-01
8.820000000000000000e+02 3.740086336957524904e-01
8.830000000000000000e+02 3.731450889179197539e-01
8.840000000000000000e+02 3.722841883322265399e-01
8.850000000000000000e+02 3.714222366472562653e-01
8.860000000000000000e+02 3.705629364258518077e-01
8.870000000000000000e+02 3.697025896312221005e-01
8.880000000000000000e+02 3.688448987169613558e-01
8.890000000000000000e+02 3.679861669621062314e-01
8.900000000000000000e+02 3.671300939871311453e-01
8.910000000000000000e+02 3.662729855298790804e-01
8.920000000000000000e+02 3.654185420194388523e-01
8.930000000000000000e+02 3.645630673484877016e-01
8.940000000000000000e+02 3.637102646659266525e-01
8.950000000000000000e+02 3.628564358350512276e-01
8.960000000000000000e+02 3.620052826674958757e-01
8.970000000000000000e+02 3.611531093327248199e-01
8.980000000000000000e+02 3.603036152983261631e-01
8.990000000000000000e+02 3.594531062607046468e-01
9.000000000000000000e+02 3.586052836138365341e-01
9.010000000000000000e+02 3.577564504262054079e-01
9.020000000000000000e+02 3.569103100729147937e-01
9.030000000000000000e+02 3.560631646915709547e-01
9.040000000000000000e+02 3.552187153623221905e-01
9.050000000000000000e+02 3.543732670576279498e-01
9.060000000000000000e+02 3.535305194533041595e-01
9.070000000000000000e+02 3.526867778232100625e-01
9.080000000000000000e+02 3.518457445033317255e-01
9.090000000000000000e+02 3.510037218685423954e-01
9.100000000000000000e+02 3.501644131189095566e-01
9.110000000000000000e+02 3.493241209627996335e-01
9.120000000000000000e+02 3.484865458013514106e-01
9.130000000000000000e+02 3.476479931460368933e-01
9.140000000000000000e+02 3.468121631975553676e-01
9.150000000000000000e+02 3.459753604897577439e-01
9.160000000000000000e+02 3.451412880940694650e-01
9.170000000000000000e+02 3.443062479339397686e-01
9.180000000000000000e+02 3.434739426693513287e-01
9.190000000000000000e+02 3.426406757403669401e-01
9.200000000000000000e+02 3.418101470513999485e-01
9.210000000000000000e+02 3.409786622640958997e-01
9.220000000000000000e+02 3.401499223142600004e-01
9.230000000000000000e+02 3.393202308017886915e-01
9.240000000000000000e+02 3.384932911838962610e-01
9.250000000000000000e+02 3.376654052371371728e-01
9.260000000000000000e+02 3.368402748218773390e-01
9.270000000000000000e+02 3.360142041038010063e-01
9.280000000000000000e+02 3.351908927648927228e-01
9.290000000000000000e+02 3.343666461782602295e-01
9.300000000000000000e+02 3.335451660773317561e-01
9.310000000000000000e+02 3.327227550925693222e-01
9.320000000000000000e+02 3.319031166418339174e-01
9.330000000000000000e+02 3.310825526603299873e-01
9.340000000000000000e+02 3.302647641026860148e-01
9.350000000000000000e+02 3.294460556879478252e-01
9.360000000000000000e+02 3.286301271863602547e-01
9.370000000000000000e+02 3.278132832776398664e-01
9.380000000000000000e+02 3.269992263951360667e-01
9.390000000000000000e+02 3.261842583265687212e-01
9.400000000000000000e+02 3.253720820312761552e-01
9.410000000000000000e+02 3.245589998485248207e-01
9.420000000000000000e+02 3.237487118921047458e-01
9.430000000000000000e+02 3.229375231289567383e-01
9.440000000000000000e+02 3.221291337024154156e-01
9.450000000000000000e+02 3.213198473042638281e-01
9.460000000000000000e+02 3.205133668285474746e-01
9.470000000000000000e+02 3.197059934813856752e-01
9.480000000000000000e+02 3.189014294301157348e-01
9.490000000000000000e+02 3.180959775544947021e-01
9.500000000000000000e+02 3.172933373478584729e-01
9.510000000000000000e+02 3.164898136450980393e-01
9.520000000000000000e+02 3.156891071651383718e-01
9.530000000000000000e+02 3.148875204822866314e-01
9.540000000000000000e+02 3.140887566168254486e-01
9.550000000000000000e+02 3.132891165356188057e-01
9.560000000000000000e+02 3.124923014290031387e-01
9.570000000000000000e+02 3.116946147177636628e-01
9.580000000000000000e+02 3.108997556055001499e-01
9.590000000000000000e+02 3.101040284137882574e-01
9.600000000000000000e+02 3.093111345177588789e-01
9.610000000000000000e+02 3.085173754324250228e-01
9.620000000000000000e+02 3.077264539395221377e-01
9.630000000000000000e+02 3.069346711221951907e-01
9.640000000000000000e+02 3.061457271912913503e-01
9.650000000000000000e+02 3.053559259735391662e-01
9.660000000000000000e+02 3.045689667582873184e-01
9.670000000000000000e+02 3.037811530446395958e-01
9.680000000000000000e+02 3.029961868077321596e-01
9.690000000000000000e+02 3.022103687359641855e-01
9.700000000000000000e+02 3.014274010483317112e-01
9.710000000000000000e+02 3.006435852436591949e-01
9.720000000000000000e+02 2.998626207323542014e-01
9.730000000000000000e+02 2.990808115036536208e-01
9.740000000000000000e+02 2.983018572798960544e-01
9.750000000000000000e+02 2.975220605602167945e-01
9.760000000000000000e+02 2.967451237391681151e-01
9.770000000000000000e+02 2.959673470394521555e-01
9.780000000000000000e+02 2.951924318968879857e-01
9.790000000000000000e+02 2.944166804120498249e-01
9.800000000000000000e+02 2.936437915200060811e-01
9.810000000000000000e+02 2.928700690694792108e-01
9.820000000000000000e+02 2.920992134685315156e-01
9.830000000000000000e+02 2.913275262046780001e-01
9.840000000000000000e+02 2.905587098240349220e-01
9.850000000000000000e+02 2.897890645026109380e-01
9.860000000000000000e+02 2.890222908195071994e-01
9.870000000000000000e+02 2.882546915156631862e-01
9.880000000000000000e+02 2.874899654590007403e-01
9.890000000000000000e+02 2.867244160556084442e-01
9.900000000000000000e+02 2.859617445106554801e-01
9.910000000000000000e+02 2.851982514564868620e-01
9.920000000000000000e+02 2.844376392899046202e-01
9.930000000000000000e+02 2.836762085369383679e-01
9.940000000000000000e+02 2.829176590080526021e-01
9.950000000000000000e+02 2.821582939708714988e-01
9.960000000000000000e+02 2.814018126392709984e-01
9.970000000000000000e+02 2.806445177356906573e-01
9.980000000000000000e+02 2.798901112137200942e-01
9.990000000000000000e+02 2.791348931449924020e-01
1.000000000000000000e+03 2.783825655035658819e-01
