0.000000000000000000e+00 1.000000000000000000e+00
1.000000000000000000e+00 9.999965622649998886e-01
2.000000000000000000e+00 9.999930780802619434e-01
3.000000000000000000e+00 9.999850113436192789e-01
4.000000000000000000e+00 9.999769528606503588e-01
5.000000000000000000e+00 9.999642925681355710e-01
6.000000000000000000e+00 9.999516428311574501e-01
7.000000000000000000e+00 9.999344000705528979e-01
8.000000000000000000e+00 9.999171366799629590e-01
9.000000000000000000e+00 9.998952920301938940e-01
1.000000000000000000e+01 9.998734339743845512e-01
1.100000000000000000e+01 9.998469907656858391e-01
1.200000000000000000e+01 9.998205633469117171e-01
1.300000000000000000e+01 9.997895494124450222e-01
1.400000000000000000e+01 9.997585473779168064e-01
1.500000000000000000e+01 9.997229706543837580e-01
1.600000000000000000e+01 9.996873906468058957e-01
1.700000000000000000e+01 9.996472441053191327e-01
1.800000000000000000e+01 9.996071109567463697e-01
1.900000000000000000e+01 9.995624101902986780e-01
2.000000000000000000e+01 9.995177445122366278e-01
2.100000000000000000e+01 9.994685166032648560e-01
2.200000000000000000e+01 9.994193172980926354e-01
2.300000000000000000e+01 9.993655691624444559e-01
2.400000000000000000e+01 9.993118454471989764e-01
2.500000000000000000e+01 9.992535798452391038e-01
2.600000000000000000e+01 9.991953607624335376e-01
2.700000000000000000e+01 9.991326018952352284e-01
2.800000000000000000e+01 9.990699051297826649e-01
2.900000000000000000e+01 9.990026786537871129e-01
3.000000000000000000e+01 9.989355078685636657e-01
3.100000000000000000e+01 9.988638210973079801e-01
3.200000000000000000e+01 9.987921951322414893e-01
3.300000000000000000e+01 9.987160595168667054e-01
3.400000000000000000e+01 9.986400087222854216e-01
3.500000000000000000e+01 9.985594535453585774e-01
3.600000000000000000e+01 9.984789930805183511e-01
3.700000000000000000e+01 9.983940413201597419e-01
3.800000000000000000e+01 9.983091799612265893e-01
3.900000000000000000e+01 9.982198402498706491e-01
4.000000000000000000e+01 9.981306035111564556e-01
4.100000000000000000e+01 9.980368944599257164e-01
4.200000000000000000e+01 9.979433112200968292e-01
4.300000000000000000e+01 9.978452637165878825e-01
4.400000000000000000e+01 9.977473469338076217e-01
4.500000000000000000e+01 9.976449803346397749e-01
4.600000000000000000e+01 9.975427436554699101e-01
4.700000000000000000e+01 9.974360684693556189e-01
4.800000000000000000e+01 9.973295408825857411e-01
4.900000000000000000e+01 9.972185807516442679e-01
5.000000000000000000e+01 9.971077874146142550e-01
5.100000000000000000e+01 9.969925716589345122e-01
5.200000000000000000e+01 9.968775237910728615e-01
5.300000000000000000e+01 9.967580677471044037e-01
5.400000000000000000e+01 9.966387829989596936e-01
5.500000000000000000e+01 9.965150992275153552e-01
5.600000000000000000e+01 9.963916068382777658e-01
5.700000000000000000e+01 9.962637214578274891e-01
5.800000000000000000e+01 9.961360413873191488e-01
5.900000000000000000e+01 9.960039795923903982e-01
6.000000000000000000e+01 9.958721218921210427e-01
6.100000000000000000e+01 9.957358951687858006e-01
6.200000000000000000e+01 9.955998800966677775e-01
6.300000000000000000e+01 9.954595028289034975e-01
6.400000000000000000e+01 9.953193569683881359e-01
6.500000000000000000e+01 9.951748550716821295e-01
6.600000000000000000e+01 9.950305925931390849e-01
6.700000000000000000e+01 9.948819854429947762e-01
6.800000000000000000e+01 9.947336158020908536e-01
6.900000000000000000e+01 9.945809116753518975e-01
7.000000000000000000e+01 9.944284559936379386e-01
7.100000000000000000e+01 9.942716704866105815e-01
7.200000000000000000e+01 9.941151504333388678e-01
7.300000000000000000e+01 9.939543067963835243e-01
7.400000000000000000e+01 9.937937310211827358e-01
7.500000000000000000e+01 9.936288421138762539e-01
7.600000000000000000e+01 9.934642199315836253e-01
7.700000000000000000e+01 9.932952917636699297e-01
7.800000000000000000e+01 9.931266433126719750e-01
7.900000000000000000e+01 9.929536917846522037e-01
8.000000000000000000e+01 9.927810324541366249e-01
8.100000000000000000e+01 9.926040762237186010e-01
8.200000000000000000e+01 9.924274101272195781e-01
8.300000000000000000e+01 9.922464558285877256e-01
8.400000000000000000e+01 9.920657923879661055e-01
8.500000000000000000e+01 9.918808448059350802e-01
8.600000000000000000e+01 9.916962014935267744e-01
8.700000000000000000e+01 9.915072757681852034e-01
8.800000000000000000e+01 9.913186613363964561e-01
8.900000000000000000e+01 9.911257703795800511e-01
9.000000000000000000e+01 9.909331858715511032e-01
9.100000000000000000e+01 9.907363312244170661e-01
9.200000000000000000e+01 9.905397861708816754e-01
9.300000000000000000e+01 9.903389723443664083e-01
9.400000000000000000e+01 9.901384802800138329e-01
9.500000000000000000e+01 9.899337206094483976e-01
9.600000000000000000e+01 9.897292842728471207e-01
9.700000000000000000e+01 9.895205856689994750e-01
9.800000000000000000e+01 9.893122046978700679e-01
9.900000000000000000e+01 9.890995653289870182e-01
1.000000000000000000e+02 9.888872491395760411e-01
1.010000000000000000e+02 9.886706739549202538e-01
1.020000000000000000e+02 9.884544314711958268e-01
1.030000000000000000e+02 9.882339311602441612e-01
1.040000000000000000e+02 9.880137605416972058e-01
1.050000000000000000e+02 9.877893366463206259e-01
1.060000000000000000e+02 9.875652377088385281e-01
1.070000000000000000e+02 9.873368870141439047e-01
1.080000000000000000e+02 9.871088686856889227e-01
1.090000000000000000e+02 9.868765969706994046e-01
1.100000000000000000e+02 9.866446635858009406e-01
1.110000000000000000e+02 9.864084784128648309e-01
1.120000000000000000e+02 9.861726255223304261e-01
1.130000000000000000e+02 9.859325244425442003e-01
1.140000000000000000e+02 9.856927533076437209e-01
1.150000000000000000e+02 9.854487336530869390e-01
1.160000000000000000e+02 9.852050523006179450e-01
1.170000000000000000e+02 9.849571207427560982e-01
1.180000000000000000e+02 9.847095296213967952e-01
1.190000000000000000e+02 9.844576905748956275e-01
1.200000000000000000e+02 9.842061847948920805e-01
1.210000000000000000e+02 9.839504336967319631e-01
1.220000000000000000e+02 9.836950167600413408e-01
1.230000000000000000e+02 9.834353530709600832e-01
1.240000000000000000e+02 9.831760317742529454e-01
1.250000000000000000e+02 9.829124628516641149e-01
1.260000000000000000e+02 9.826492350250318752e-01
1.270000000000000000e+02 9.823817626011903670e-01
1.280000000000000000e+02 9.821146249355092728e-01
1.290000000000000000e+02 9.818432443963432954e-01
1.300000000000000000e+02 9.815722028994877668e-01
1.310000000000000000e+02 9.812969168618368432e-01
1.320000000000000000e+02 9.810219769627519515e-01
1.330000000000000000e+02 9.807427931025319845e-01
1.340000000000000000e+02 9.804639516376572050e-01
1.350000000000000000e+02 9.801808698982492629e-01
1.360000000000000000e+02 9.798981267158802799e-01
1.370000000000000000e+02 9.796111443558298548e-01
1.380000000000000000e+02 9.793245077442062074e-01
1.390000000000000000e+02 9.790336309129517023e-01
1.400000000000000000e+02 9.787431050551455014e-01
1.410000000000000000e+02 9.784483413488748171e-01
1.420000000000000000e+02 9.781539238106859990e-01
1.430000000000000000e+02 9.778552725732966300e-01
1.440000000000000000e+02 9.775569672866891713e-01
1.450000000000000000e+02 9.772544291460032451e-01
1.460000000000000000e+02 9.769522460833459654e-01
1.470000000000000000e+02 9.766458304661539414e-01
1.480000000000000000e+02 9.763397729590189700e-01
1.490000000000000000e+02 9.760294870756592855e-01
1.500000000000000000e+02 9.757195549698760573e-01
1.510000000000000000e+02 9.754053988642717998e-01
1.520000000000000000e+02 9.750916003638354645e-01
1.530000000000000000e+02 9.747735788976554794e-01
1.540000000000000000e+02 9.744559248636947002e-01
1.550000000000000000e+02 9.741340499761893534e-01
1.560000000000000000e+02 9.738125435094271420e-01
1.570000000000000000e+02 9.734868219010284207e-01
1.580000000000000000e+02 9.731614662688015116e-01
1.590000000000000000e+02 9.728318998854814659e-01
1.600000000000000000e+02 9.725027070524684403e-01
1.610000000000000000e+02 9.721693051291603327e-01
1.620000000000000000e+02 9.718362860376867918e-01
1.630000000000000000e+02 9.714990619472950728e-01
1.640000000000000000e+02 9.711622202165355322e-01
1.650000000000000000e+02 9.708211802472563878e-01
1.660000000000000000e+02 9.704805231334742155e-01
1.670000000000000000e+02 9.701356720442141368e-01
1.680000000000000000e+02 9.697912142112385947e-01
1.690000000000000000e+02 9.694425650535469785e-01
1.700000000000000000e+02 9.690943168717489620e-01
1.710000000000000000e+02 9.687418832891809828e-01
1.720000000000000000e+02 9.683898496435171532e-01
1.730000000000000000e+02 9.680336378147808007e-01
1.740000000000000000e+02 9.676778298768828890e-01
1.750000000000000000e+02 9.673178478476818221e-01
1.760000000000000000e+02 9.669582815978723378e-01
1.770000000000000000e+02 9.665945451245263609e-01
1.780000000000000000e+02 9.662312299795339232e-01
1.790000000000000000e+02 9.658637519501369617e-01
1.800000000000000000e+02 9.654966946680539897e-01
1.810000000000000000e+02 9.651254815927428066e-01
1.820000000000000000e+02 9.647546965861302226e-01
1.830000000000000000e+02 9.643797597618143369e-01
1.840000000000000000e+02 9.640052628888199360e-01
1.850000000000000000e+02 9.636266193336212593e-01
1.860000000000000000e+02 9.632484189971061150e-01
1.870000000000000000e+02 9.628660801289207205e-01
1.880000000000000000e+02 9.624841853094577848e-01
1.890000000000000000e+02 9.620981584482011240e-01
1.900000000000000000e+02 9.617125856619281876e-01
1.910000000000000000e+02 9.613228848244931291e-01
1.920000000000000000e+02 9.609336485668863448e-01
1.930000000000000000e+02 9.605402905250858270e-01
1.940000000000000000e+02 9.601473984256859717e-01
1.950000000000000000e+02 9.597503928247740346e-01
1.960000000000000000e+02 9.593538561039365309e-01
1.970000000000000000e+02 9.589532114778230865e-01
1.980000000000000000e+02 9.585530473652646988e-01
1.990000000000000000e+02 9.581487795217937808e-01
2.000000000000000000e+02 9.577450003086486197e-01
2.010000000000000000e+02 9.573371244612527420e-01
2.020000000000000000e+02 9.569297374639464948e-01
2.030000000000000000e+02 9.565182616104859203e-01
2.040000000000000000e+02 9.561072799601689765e-01
2.050000000000000000e+02 9.556922140811062727e-01
2.060000000000000000e+02 9.552776543236202178e-01
2.070000000000000000e+02 9.548590148555422541e-01
2.080000000000000000e+02 9.544408867510432160e-01
2.090000000000000000e+02 9.540186864454861526e-01
2.100000000000000000e+02 9.535969975567610835e-01
2.110000000000000000e+02 9.531712432513156363e-01
2.120000000000000000e+02 9.527460079950040850e-01
2.130000000000000000e+02 9.523167111155707021e-01
2.140000000000000000e+02 9.518879441862968527e-01
2.150000000000000000e+02 9.514551206053842858e-01
2.160000000000000000e+02 9.510228294379537983e-01
2.170000000000000000e+02 9.505864890803732425e-01
2.180000000000000000e+02 9.501506820104089757e-01
2.190000000000000000e+02 9.497108312742723601e-01
2.200000000000000000e+02 9.492715231886243998e-01
2.210000000000000000e+02 9.488281746976866549e-01
2.220000000000000000e+02 9.483853776922036571e-01
2.230000000000000000e+02 9.479385457364802869e-01
2.240000000000000000e+02 9.474922655802844318e-01
2.250000000000000000e+02 9.470419574613845315e-01
2.260000000000000000e+02 9.465922036402691919e-01
2.270000000000000000e+02 9.461384261095414638e-01
2.280000000000000000e+02 9.456852131191275657e-01
2.290000000000000000e+02 9.452279795439858523e-01
2.300000000000000000e+02 9.447713166643971761e-01
2.310000000000000000e+02 9.443106390800961591e-01
2.320000000000000000e+02 9.438505313748869474e-01
2.330000000000000000e+02 9.433864151609823168e-01
2.340000000000000000e+02 9.429228734173626947e-01
2.350000000000000000e+02 9.424553263809047898e-01
2.360000000000000000e+02 9.419883639507297124e-01
2.370000000000000000e+02 9.415173996269076140e-01
2.380000000000000000e+02 9.410470233035955756e-01
2.390000000000000000e+02 9.405726512555997454e-01
2.400000000000000000e+02 9.400988664609649659e-01
2.410000000000000000e+02 9.396210911914572028e-01
2.420000000000000000e+02 9.391439099154819115e-01
2.430000000000000000e+02 9.386627407677978763e-01
2.440000000000000000e+02 9.381821747124328148e-01
2.450000000000000000e+02 9.376976248049639917e-01
2.460000000000000000e+02 9.372136790722712663e-01
2.470000000000000000e+02 9.367257557615437102e-01
2.480000000000000000e+02 9.362384370973612091e-01
2.490000000000000000e+02 9.357471451929016970e-01
2.500000000000000000e+02 9.352564664731092270e-01
2.510000000000000000e+02 9.347618170352746114e-01
2.520000000000000000e+02 9.342677881463649081e-01
2.530000000000000000e+02 9.337697934018072132e-01
2.540000000000000000e+02 9.332724188584821112e-01
2.550000000000000000e+02 9.327710846480796736e-01
2.560000000000000000e+02 9.322703732178135860e-01
2.570000000000000000e+02 9.317657057619684879e-01
2.580000000000000000e+02 9.312616707495658952e-01
2.590000000000000000e+02 9.307536826936687602e-01
2.600000000000000000e+02 9.302463323780866267e-01
2.610000000000000000e+02 9.297350347912451962e-01
2.620000000000000000e+02 9.292243743068779871e-01
2.630000000000000000e+02 9.287097725004667126e-01
2.640000000000000000e+02 9.281958129564393811e-01
2.650000000000000000e+02 9.276779153939447298e-01
2.660000000000000000e+02 9.271606700332807316e-01
2.670000000000000000e+02 9.266394905508560376e-01
2.680000000000000000e+02 9.261189665913233116e-01
2.690000000000000000e+02 9.255945151040843033e-01
2.700000000000000000e+02 9.250707193939847750e-01
2.710000000000000000e+02 9.245430017853767390e-01
2.720000000000000000e+02 9.240159476853876397e-01
2.730000000000000000e+02 9.234849750894602582e-01
2.740000000000000000e+02 9.229546753675402782e-01
2.750000000000000000e+02 9.224204622544376342e-01
2.760000000000000000e+02 9.218869238548983436e-01
2.770000000000000000e+02 9.213494792667602518e-01
2.780000000000000000e+02 9.208127115453361711e-01
2.790000000000000000e+02 9.202720429584282380e-01
2.800000000000000000e+02 9.197320610727934831e-01
2.810000000000000000e+02 9.191881822613608977e-01
2.820000000000000000e+02 9.186449982608425602e-01
2.830000000000000000e+02 9.180979237360821221e-01
2.840000000000000000e+02 9.175515451791296240e-01
2.850000000000000000e+02 9.170012836220995389e-01
2.860000000000000000e+02 9.164517227369635144e-01
2.870000000000000000e+02 9.158982839789017172e-01
2.880000000000000000e+02 9.153455570119276574e-01
2.890000000000000000e+02 9.147889570111880087e-01
2.900000000000000000e+02 9.142330752734684207e-01
2.910000000000000000e+02 9.136733280792916911e-01
2.920000000000000000e+02 9.131143005706195970e-01
2.930000000000000000e+02 9.125514151527103213e-01
2.940000000000000000e+02 9.119892568633898300e-01
2.950000000000000000e+02 9.114232457833414403e-01
2.960000000000000000e+02 9.108579732374331162e-01
2.970000000000000000e+02 9.102888538631466187e-01
2.980000000000000000e+02 9.097204778431761119e-01
2.990000000000000000e+02 9.091482634492803472e-01
3.000000000000000000e+02 9.085767950135390514e-01
3.010000000000000000e+02 9.080014955239019692e-01
3.020000000000000000e+02 9.074269518776980625e-01
3.030000000000000000e+02 9.068485825160460534e-01
3.040000000000000000e+02 9.062709797084289587e-01
3.050000000000000000e+02 9.056895583182241749e-01
3.060000000000000000e+02 9.051089069978535129e-01
3.070000000000000000e+02 9.045244460124600705e-01
3.080000000000000000e+02 9.039407595915385230e-01
3.090000000000000000e+02 9.033532704425574211e-01
3.100000000000000000e+02 9.027665674726784717e-01
3.110000000000000000e+02 9.021760675571556254e-01
3.120000000000000000e+02 9.015863630574578735e-01
3.130000000000000000e+02 9.009928697802337405e-01
3.140000000000000000e+02 9.004001747610731465e-01
3.150000000000000000e+02 8.998036998951673970e-01
3.160000000000000000e+02 8.992080300429389217e-01
3.170000000000000000e+02 8.986085868604569704e-01
3.180000000000000000e+02 8.980099610501941498e-01
3.190000000000000000e+02 8.974075683090507738e-01
3.200000000000000000e+02 8.968060002658615470e-01
3.210000000000000000e+02 8.962006742034447360e-01
3.220000000000000000e+02 8.955961757893908803e-01
3.230000000000000000e+02 8.949879278962162843e-01
3.240000000000000000e+02 8.943805166315477173e-01
3.250000000000000000e+02 8.937693620634651337e-01
3.260000000000000000e+02 8.931590561577916754e-01
3.270000000000000000e+02 8.925450140492373619e-01
3.280000000000000000e+02 8.919318259913137092e-01
3.290000000000000000e+02 8.913149109908088397e-01
3.300000000000000000e+02 8.906988538723454862e-01
3.310000000000000000e+02 8.900790776721528852e-01
3.320000000000000000e+02 8.894601701257389692e-01
3.330000000000000000e+02 8.888375495040944374e-01
3.340000000000000000e+02 8.882158082930780019e-01
3.350000000000000000e+02 8.875903617827211045e-01
3.360000000000000000e+02 8.869657985053496230e-01
3.370000000000000000e+02 8.863375391100940526e-01
3.380000000000000000e+02 8.857101682689348943e-01
3.390000000000000000e+02 8.850791083629807598e-01
3.400000000000000000e+02 8.844489488298240554e-01
3.410000000000000000e+02 8.838151062898900179e-01
3.420000000000000000e+02 8.831821729380355812e-01
3.430000000000000000e+02 8.825455648947299059e-01
3.440000000000000000e+02 8.819098689774471644e-01
3.450000000000000000e+02 8.812705070861593937e-01
3.460000000000000000e+02 8.806320644560174937e-01
3.470000000000000000e+02 8.799899621419984275e-01
3.480000000000000000e+02 8.793487910409238939e-01
3.490000000000000000e+02 8.787039665845588488e-01
3.500000000000000000e+02 8.780600799514134414e-01
3.510000000000000000e+02 8.774125485931087987e-01
3.520000000000000000e+02 8.767659579579493156e-01
3.530000000000000000e+02 8.761157305740343570e-01
3.540000000000000000e+02 8.754664528399926926e-01
3.550000000000000000e+02 8.748135440832088827e-01
3.560000000000000000e+02 8.741615961505984078e-01
3.570000000000000000e+02 8.735060239635432655e-01
3.580000000000000000e+02 8.728514171786890818e-01
3.590000000000000000e+02 8.721931948101122600e-01
3.600000000000000000e+02 8.715359415452487157e-01
3.610000000000000000e+02 8.708750798082075528e-01
3.620000000000000000e+02 8.702151975309374565e-01
3.630000000000000000e+02 8.695517122495811657e-01
3.640000000000000000e+02 8.688892160870920200e-01
3.650000000000000000e+02 8.682231242118327863e-01
3.660000000000000000e+02 8.675580245628564668e-01
3.670000000000000000e+02 8.668893376381426874e-01
3.680000000000000000e+02 8.662216481108732102e-01
3.690000000000000000e+02 8.655503776006041594e-01
3.700000000000000000e+02 8.648801156446583871e-01
3.710000000000000000e+02 8.642062782651881436e-01
3.720000000000000000e+02 8.635334571538940684e-01
3.730000000000000000e+02 8.628570684141857461e-01
3.740000000000000000e+02 8.621816984113139792e-01
3.750000000000000000e+02 8.615027687595108175e-01
3.760000000000000000e+02 8.608248648556152682e-01
3.770000000000000000e+02 8.601434069784974490e-01
3.780000000000000000e+02 8.594629860372716701e-01
3.790000000000000000e+02 8.587790170970869275e-01
3.800000000000000000e+02 8.580960908140775611e-01
3.810000000000000000e+02 8.574096247145607252e-01
3.820000000000000000e+02 8.567242040384106527e-01
3.830000000000000000e+02 8.560352509360068529e-01
3.840000000000000000e+02 8.553473521158321269e-01
3.850000000000000000e+02 8.546559262439166194e-01
3.860000000000000000e+02 8.539655651137583181e-01
3.870000000000000000e+02 8.532716835577156544e-01
3.880000000000000000e+02 8.525788708095423107e-01
3.890000000000000000e+02 8.518825460172395614e-01
3.900000000000000000e+02 8.511872939566988983e-01
3.910000000000000000e+02 8.504885366385034340e-01
3.920000000000000000e+02 8.497908624121269794e-01
3.930000000000000000e+02 8.490896883702692133e-01
3.940000000000000000e+02 8.483896065497255057e-01
3.950000000000000000e+02 8.476860323000084962e-01
3.960000000000000000e+02 8.469835533343720302e-01
3.970000000000000000e+02 8.462775903011926504e-01
3.980000000000000000e+02 8.455727282568401559e-01
3.990000000000000000e+02 8.448643884334958720e-01
4.000000000000000000e+02 8.441571608360058931e-01
4.010000000000000000e+02 8.434464613224281759e-01
4.020000000000000000e+02 8.427368815061405671e-01
4.030000000000000000e+02 8.420238378864384199e-01
4.040000000000000000e+02 8.413119168614483501e-01
4.050000000000000000e+02 8.405965401699641015e-01
4.060000000000000000e+02 8.398822938334832289e-01
4.070000000000000000e+02 8.391645978281795371e-01
4.080000000000000000e+02 8.384480435191931091e-01
4.090000000000000000e+02 8.377280460984326549e-01
4.100000000000000000e+02 8.370091961941407144e-01
4.110000000000000000e+02 8.362869118531727208e-01
4.120000000000000000e+02 8.355657786238330775e-01
4.130000000000000000e+02 8.348412187229827808e-01
4.140000000000000000e+02 8.341178196335987671e-01
4.150000000000000000e+02 8.333909998496052962e-01
4.160000000000000000e+02 8.326653515566525554e-01
4.170000000000000000e+02 8.319362899666542521e-01
4.180000000000000000e+02 8.312084043738304784e-01
4.190000000000000000e+02 8.304771144652386416e-01
4.200000000000000000e+02 8.297470055718713100e-01
4.210000000000000000e+02 8.290134996971583181e-01
4.220000000000000000e+02 8.282811860035625973e-01
4.230000000000000000e+02 8.275454815680085563e-01
4.240000000000000000e+02 8.268109787223862917e-01
4.250000000000000000e+02 8.260730933695863420e-01
4.260000000000000000e+02 8.253364133983284168e-01
4.270000000000000000e+02 8.245963599126902022e-01
4.280000000000000000e+02 8.238575187026379032e-01
4.290000000000000000e+02 8.231153109232589582e-01
4.300000000000000000e+02 8.223743273208538040e-01
4.310000000000000000e+02 8.216299838950769097e-01
4.320000000000000000e+02 8.208868724488015411e-01
4.330000000000000000e+02 8.201404101037937933e-01
4.340000000000000000e+02 8.193951835588083599e-01
4.350000000000000000e+02 8.186466148456184033e-01
4.360000000000000000e+02 8.178992908032171050e-01
4.370000000000000000e+02 8.171486312817993758e-01
4.380000000000000000e+02 8.163992282273023759e-01
4.390000000000000000e+02 8.156464971063420721e-01
4.400000000000000000e+02 8.148950286471918769e-01
4.410000000000000000e+02 8.141402414767435758e-01
4.420000000000000000e+02 8.133867215600681932e-01
4.430000000000000000e+02 8.126298912004982222e-01
4.440000000000000000e+02 8.118743386782697469e-01
4.450000000000000000e+02 8.111154823452191298e-01
4.460000000000000000e+02 8.103579147536782434e-01
4.470000000000000000e+02 8.095970514774045723e-01
4.480000000000000000e+02 8.088374818569564750e-01
4.490000000000000000e+02 8.080746260180566853e-01
4.500000000000000000e+02 8.073130697968654568e-01
4.510000000000000000e+02 8.065482350743831130e-01
4.520000000000000000e+02 8.057847116943908095e-01
4.530000000000000000e+02 8.050179166120602359e-01
4.540000000000000000e+02 8.042524423015877666e-01
4.550000000000000000e+02 8.034837050544483272e-01
4.560000000000000000e+02 8.027162927985889151e-01
4.570000000000000000e+02 8.019456268654974185e-01
4.580000000000000000e+02 8.011762935960721199e-01
4.590000000000000000e+02 8.004037138508899307e-01
4.600000000000000000e+02 7.996324788703128572e-01
4.610000000000000000e+02 7.988580045840477650e-01
4.620000000000000000e+02 7.980848827451264560e-01
4.630000000000000000e+02 7.973085308256749881e-01
4.640000000000000000e+02 7.965335356033019787e-01
4.650000000000000000e+02 7.957553190958845946e-01
4.660000000000000000e+02 7.949784686881689044e-01
4.670000000000000000e+02 7.941984038304854554e-01
4.680000000000000000e+02 7.934197167398772121e-01
4.690000000000000000e+02 7.926378228839279227e-01
4.700000000000000000e+02 7.918573128152117668e-01
4.710000000000000000e+02 7.910736054139477780e-01
4.720000000000000000e+02 7.902912868003355573e-01
4.730000000000000000e+02 7.895057790357051797e-01
4.740000000000000000e+02 7.887216708899287276e-01
4.750000000000000000e+02 7.879343802918117312e-01
4.760000000000000000e+02 7.871484998464651772e-01
4.770000000000000000e+02 7.863594452016842151e-01
4.780000000000000000e+02 7.855718054825320262e-01
4.790000000000000000e+02 7.847810009281226407e-01
4.800000000000000000e+02 7.839916176248247215e-01
4.810000000000000000e+02 7.831990770356282994e-01
4.820000000000000000e+02 7.824079693954643089e-01
4.830000000000000000e+02 7.816137112943344345e-01
4.840000000000000000e+02 7.808208950833150919e-01
4.850000000000000000e+02 7.800249371852968627e-01
4.860000000000000000e+02 7.792304253614804610e-01
4.870000000000000000e+02 7.784327808968765083e-01
4.880000000000000000e+02 7.776365904747851721e-01
4.890000000000000000e+02 7.768372744416701670e-01
4.900000000000000000e+02 7.760394243040387163e-01
4.910000000000000000e+02 7.752384557484696126e-01
4.920000000000000000e+02 7.744389603001335942e-01
4.930000000000000000e+02 7.736363555893233102e-01
4.940000000000000000e+02 7.728352283496947583e-01
4.950000000000000000e+02 7.720310003988839487e-01
4.960000000000000000e+02 7.712282595324013723e-01
4.970000000000000000e+02 7.704224246823961897e-01
4.980000000000000000e+02 7.696180882009744373e-01
4.990000000000000000e+02 7.688106654701771792e-01
5.000000000000000000e+02 7.680047467959341123e-01
5.010000000000000000e+02 7.671957512038964921e-01
5.020000000000000000e+02 7.663882649390727497e-01
5.030000000000000000e+02 7.655777097394301789e-01
5.040000000000000000e+02 7.647686748142183966e-01
5.050000000000000000e+02 7.639565776568291167e-01
5.060000000000000000e+02 7.631460108917211826e-01
5.070000000000000000e+02 7.623323902397274310e-01
5.080000000000000000e+02 7.615203046451007873e-01
5.090000000000000000e+02 7.607051744392347992e-01
5.100000000000000000e+02 7.598915860121546739e-01
5.110000000000000000e+02 7.590749604297188924e-01
5.120000000000000000e+02 7.582598883473719020e-01
5.130000000000000000e+02 7.574417860682512993e-01
5.140000000000000000e+02 7.566252458810613923e-01
5.150000000000000000e+02 7.558056844076281866e-01
5.160000000000000000e+02 7.549876893620082186e-01
5.170000000000000000e+02 7.541666820350949596e-01
5.180000000000000000e+02 7.533472495661237556e-01
5.190000000000000000e+02 7.525248118896027405e-01
5.200000000000000000e+02 7.517039608680627927e-01
5.210000000000000000e+02 7.508801120829809994e-01
5.220000000000000000e+02 7.500578569618212565e-01
5.230000000000000000e+02 7.492326134006168648e-01
5.240000000000000000e+02 7.484089682585844949e-01
5.250000000000000000e+02 7.475823432534355328e-01
5.260000000000000000e+02 7.467573267318128316e-01
5.270000000000000000e+02 7.459293372568128744e-01
5.280000000000000000e+02 7.451029674373631506e-01
5.290000000000000000e+02 7.442736327275520924e-01
5.300000000000000000e+02 7.434459233505408271e-01
5.310000000000000000e+02 7.426152585910549275e-01
5.320000000000000000e+02 7.417862249961674204e-01
5.330000000000000000e+02 7.409542440963642340e-01
5.340000000000000000e+02 7.401239056713220243e-01
5.350000000000000000e+02 7.392906269342824910e-01
5.360000000000000000e+02 7.384590006502486093e-01
5.370000000000000000e+02 7.376244427486591260e-01
5.380000000000000000e+02 7.367915421508296481e-01
5.390000000000000000e+02 7.359557193671291131e-01
5.400000000000000000e+02 7.351215612348316331e-01
5.410000000000000000e+02 7.342844885209665051e-01
5.420000000000000000e+02 7.334490923908346671e-01
5.430000000000000000e+02 7.326107889823091357e-01
5.440000000000000000e+02 7.317741706120260980e-01
5.450000000000000000e+02 7.309346541788173113e-01
5.460000000000000000e+02 7.300968274648740319e-01
5.470000000000000000e+02 7.292561118005561616e-01
5.480000000000000000e+02 7.284170948576845772e-01
5.490000000000000000e+02 7.275751962114398452e-01
5.500000000000000000e+02 7.267350081050356625e-01
5.510000000000000000e+02 7.258919460709413185e-01
5.520000000000000000e+02 7.250506014753060890e-01
5.530000000000000000e+02 7.242063924771489081e-01
5.540000000000000000e+02 7.233639061067453913e-01
5.550000000000000000e+02 7.225185639473207244e-01
5.560000000000000000e+02 7.216749548867573694e-01
5.570000000000000000e+02 7.208284971076415193e-01
5.580000000000000000e+02 7.199837834257510893e-01
5.590000000000000000e+02 7.191362293391834193e-01
5.600000000000000000e+02 7.182904249587150902e-01
5.610000000000000000e+02 7.174417897370255481e-01
5.620000000000000000e+02 7.165949104855100504e-01
5.630000000000000000e+02 7.157452084226928468e-01
5.640000000000000000e+02 7.148972737992196347e-01
5.650000000000000000e+02 7.140465234666418803e-01
5.660000000000000000e+02 7.131975502101235431e-01
5.670000000000000000e+02 7.123457700528554870e-01
5.680000000000000000e+02 7.114957717979916163e-01
5.690000000000000000e+02 7.106429759643321242e-01
5.700000000000000000e+02 7.097919697175184561e-01
5.710000000000000000e+02 7.089381733624822157e-01
5.720000000000000000e+02 7.080861783988482427e-01
5.730000000000000000e+02 7.072314006544806464e-01
5.740000000000000000e+02 7.063784323001803811e-01
5.750000000000000000e+02 7.055226903232594271e-01
5.760000000000000000e+02 7.046687624254887039e-01
5.770000000000000000e+02 7.038120697499430367e-01
5.780000000000000000e+02 7.029572003177347872e-01
5.790000000000000000e+02 7.020995731442032373e-01
5.800000000000000000e+02 7.012437806286351272e-01
5.810000000000000000e+02 7.003852380646345965e-01
5.820000000000000000e+02 6.995285365561821900e-01
5.830000000000000000e+02 6.986690942892584966e-01
5.840000000000000000e+02 6.978114982848636627e-01
5.850000000000000000e+02 6.969511697416923557e-01
5.860000000000000000e+02 6.960926978691477363e-01
5.870000000000000000e+02 6.952315002593035809e-01
5.880000000000000000e+02 6.943721696964333390e-01
5.890000000000000000e+02 6.935101215134756858e-01
5.900000000000000000e+02 6.926499455114890624e-01
5.910000000000000000e+02 6.917870610618599425e-01
5.920000000000000000e+02 6.909260550550175850e-01
5.930000000000000000e+02 6.900623481606971144e-01
5.940000000000000000e+02 6.892005308784815432e-01
5.950000000000000000e+02 6.883360195076626553e-01
5.960000000000000000e+02 6.874734066387334641e-01
5.970000000000000000e+02 6.866081081890291760e-01
5.980000000000000000e+02 6.857447126792040049e-01
5.990000000000000000e+02 6.848786404102512604e-01
6.000000000000000000e+02 6.840144787133132231e-01
6.010000000000000000e+02 6.831476472412938428e-01
6.020000000000000000e+02 6.822827376379906328e-01
6.030000000000000000e+02 6.814151652752444832e-01
6.040000000000000000e+02 6.805495220193712447e-01
6.050000000000000000e+02 6.796812247831334197e-01
6.060000000000000000e+02 6.788148610798606652e-01
6.070000000000000000e+02 6.779458516940409796e-01
6.080000000000000000e+02 6.770787848789711072e-01
6.090000000000000000e+02 6.762090789722179363e-01
6.100000000000000000e+02 6.753413263993492954e-01
6.110000000000000000e+02 6.744709421308442421e-01
6.120000000000000000e+02 6.736025169286312675e-01
6.130000000000000000e+02 6.727314688998938808e-01
6.140000000000000000e+02 6.718623850181041357e-01
6.150000000000000000e+02 6.709906860033488796e-01
6.160000000000000000e+02 6.701209613307690383e-01
6.170000000000000000e+02 6.692486279684941586e-01
6.180000000000000000e+02 6.683782786179293112e-01
6.190000000000000000e+02 6.675053284310565882e-01
6.200000000000000000e+02 6.666343669070463607e-01
6.210000000000000000e+02 6.657608132986206906e-01
6.220000000000000000e+02 6.648892546084524957e-01
6.230000000000000000e+02 6.640151109497571813e-01
6.240000000000000000e+02 6.631429730820467272e-01
6.250000000000000000e+02 6.622682568016068361e-01
6.260000000000000000e+02 6.613955545361853705e-01
6.270000000000000000e+02 6.605202821454468909e-01
6.280000000000000000e+02 6.596470279572922424e-01
6.290000000000000000e+02 6.587712120859007259e-01
6.300000000000000000e+02 6.578974221227062991e-01
6.310000000000000000e+02 6.570210771419324747e-01
6.320000000000000000e+02 6.561467690040924117e-01
6.330000000000000000e+02 6.552699127415817504e-01
6.340000000000000000e+02 6.543951000226136960e-01
6.350000000000000000e+02 6.535177477830879100e-01
6.360000000000000000e+02 6.526424435004455349e-01
6.370000000000000000e+02 6.517646076890979412e-01
6.380000000000000000e+02 6.508888289715479836e-01
6.390000000000000000e+02 6.500105251436018028e-01
6.400000000000000000e+02 6.491342887764712799e-01
6.410000000000000000e+02 6.482555346755592973e-01
6.420000000000000000e+02 6.473788534208467782e-01
6.430000000000000000e+02 6.464996631662204285e-01
6.440000000000000000e+02 6.456225510242077359e-01
6.450000000000000000e+02 6.447429373626846205e-01
6.460000000000000000e+02 6.438654120765445743e-01
6.470000000000000000e+02 6.429853916805143843e-01
6.480000000000000000e+02 6.421074689377248568e-01
6.490000000000000000e+02 6.412270589870735504e-01
6.500000000000000000e+02 6.403487512107710611e-01
6.510000000000000000e+02 6.394679648711216746e-01
6.520000000000000000e+02 6.385892872703694545e-01
6.530000000000000000e+02 6.377081381044662489e-01
6.540000000000000000e+02 6.368291085371425853e-01
6.550000000000000000e+02 6.359476140338030659e-01
6.560000000000000000e+02 6.350682470044918260e-01
6.570000000000000000e+02 6.341864233969655151e-01
6.580000000000000000e+02 6.333067315240217265e-01
6.590000000000000000e+02 6.324245914197749174e-01
6.600000000000000000e+02 6.315445910919156303e-01
6.610000000000000000e+02 6.306621491618529252e-01
6.620000000000000000e+02 6.297818578175786719e-01
6.630000000000000000e+02 6.288991318935848174e-01
6.640000000000000000e+02 6.280185629815150383e-01
6.650000000000000000e+02 6.271355681371446611e-01
6.660000000000000000e+02 6.262547349424670839e-01
6.670000000000000000e+02 6.253714837074739741e-01
6.680000000000000000e+02 6.244904035228636685e-01
6.690000000000000000e+02 6.236069117318788768e-01
6.700000000000000000e+02 6.227256011114260525e-01
6.710000000000000000e+02 6.218418863866892465e-01
6.720000000000000000e+02 6.209603580343325824e-01
6.730000000000000000e+02 6.200764342850169086e-01
6.740000000000000000e+02 6.191947024706299096e-01
6.750000000000000000e+02 6.183105826193385779e-01
6.760000000000000000e+02 6.174286650726640291e-01
6.770000000000000000e+02 6.165443659277299870e-01
6.780000000000000000e+02 6.156622780106053572e-01
6.790000000000000000e+02 6.147778164593291628e-01
6.800000000000000000e+02 6.138955705629141057e-01
6.810000000000000000e+02 6.130109595507976517e-01
6.820000000000000000e+02 6.121285710325468088e-01
6.830000000000000000e+02 6.112438242431873503e-01
6.840000000000000000e+02 6.103613107028293960e-01
6.850000000000000000e+02 6.094764455206591602e-01
6.860000000000000000e+02 6.085938210330961162e-01
6.870000000000000000e+02 6.077088532120763498e-01
6.880000000000000000e+02 6.068261303212283408e-01
6.890000000000000000e+02 6.059410722059742627e-01
6.900000000000000000e+02 6.050582672252713401e-01
6.910000000000000000e+02 6.041731334538539278e-01
6.920000000000000000e+02 6.032902632944668886e-01
6.930000000000000000e+02 6.024050712993611612e-01
6.940000000000000000e+02 6.015221488812597661e-01
6.950000000000000000e+02 6.006369130848363547e-01
6.960000000000000000e+02 5.997539515108804009e-01
6.970000000000000000e+02 5.988686841070542943e-01
6.980000000000000000e+02 5.979857003061403997e-01
6.990000000000000000e+02 5.971004168682594315e-01
7.000000000000000000e+02 5.962174266184502303e-01
7.010000000000000000e+02 5.953321440696348610e-01
7.020000000000000000e+02 5.944491594638210419e-01
7.030000000000000000e+02 5.935638909300917643e-01
7.040000000000000000e+02 5.926809258961465154e-01
7.050000000000000000e+02 5.917956838673683606e-01
7.060000000000000000e+02 5.909127554658112347e-01
7.070000000000000000e+02 5.900275562221365400e-01
7.080000000000000000e+02 5.891446788493925890e-01
7.090000000000000000e+02 5.882595383233761854e-01
7.100000000000000000e+02 5.873767237005061981e-01
7.110000000000000000e+02 5.864916539782896177e-01
7.120000000000000000e+02 5.856089169314451226e-01
7.130000000000000000e+02 5.847239311527780981e-01
7.140000000000000000e+02 5.838412883395325270e-01
7.150000000000000000e+02 5.829564030976022160e-01
7.160000000000000000e+02 5.820738675235792581e-01
7.170000000000000000e+02 5.811890974450871772e-01
7.180000000000000000e+02 5.803066809499854983e-01
7.190000000000000000e+02 5.794220375041955196e-01
7.200000000000000000e+02 5.785397556783604678e-01
7.210000000000000000e+02 5.776552528461905700e-01
7.220000000000000000e+02 5.767731214607093593e-01
7.230000000000000000e+02 5.758887756651419609e-01
7.240000000000000000e+02 5.750068065619027280e-01
7.250000000000000000e+02 5.741226310314266890e-01
7.260000000000000000e+02 5.732408365969169362e-01
7.270000000000000000e+02 5.723568426875713655e-01
7.280000000000000000e+02 5.714752389611486016e-01
7.290000000000000000e+02 5.705914414865074225e-01
7.300000000000000000e+02 5.697100430115239478e-01
7.310000000000000000e+02 5.688264577444925862e-01
7.320000000000000000e+02 5.679452756141496472e-01
7.330000000000000000e+02 5.670619145293729346e-01
7.340000000000000000e+02 5.661809619589555087e-01
7.350000000000000000e+02 5.652978367836359874e-01
7.360000000000000000e+02 5.644171298268795267e-01
7.370000000000000000e+02 5.635342560015004221e-01
7.380000000000000000e+02 5.626538078384482056e-01
7.390000000000000000e+02 5.617712001011526679e-01
7.400000000000000000e+02 5.608910215958622381e-01
7.410000000000000000e+02 5.600086910170110066e-01
7.420000000000000000e+02 5.591287962954851753e-01
7.430000000000000000e+02 5.582467553441471386e-01
7.440000000000000000e+02 5.573671600052098052e-01
7.450000000000000000e+02 5.564854243872151551e-01
7.460000000000000000e+02 5.556061403412473343e-01
7.470000000000000000e+02 5.547247235435159851e-01
7.480000000000000000e+02 5.538457619473033944e-01
7.490000000000000000e+02 5.529646746204147645e-01
7.500000000000000000e+02 5.520860503785404161e-01
7.510000000000000000e+02 5.512053059197103977e-01
7.520000000000000000e+02 5.503270337633835441e-01
7.530000000000000000e+02 5.494466476981600955e-01
7.540000000000000000e+02 5.485687385704707264e-01
7.550000000000000000e+02 5.476887231265832323e-01
7.560000000000000000e+02 5.468111889002915671e-01
7.570000000000000000e+02 5.459315548329060075e-01
7.580000000000000000e+02 5.450544108731525395e-01
7.590000000000000000e+02 5.441751724757610820e-01
7.600000000000000000e+02 5.432984323698616391e-01
7.610000000000000000e+02 5.424196045457844173e-01
7.620000000000000000e+02 5.415432787203946496e-01
7.630000000000000000e+02 5.406648726385977488e-01
7.640000000000000000e+02 5.397889739266900078e-01
7.650000000000000000e+02 5.389110009097775045e-01
7.660000000000000000e+02 5.380355446974164346e-01
7.670000000000000000e+02 5.371580196943600560e-01
7.680000000000000000e+02 5.362830183379980742e-01
7.690000000000000000e+02 5.354059552780191522e-01
7.700000000000000000e+02 5.345314191991110686e-01
7.710000000000000000e+02 5.336548285610001052e-01
7.720000000000000000e+02 5.327807715732884031e-01
7.730000000000000000e+02 5.319046655602104323e-01
7.740000000000000000e+02 5.310311025967447973e-01
7.750000000000000000e+02 5.301554964131454106e-01
7.760000000000000000e+02 5.292824387176459089e-01
7.770000000000000000e+02 5.284073451249486908e-01
7.780000000000000000e+02 5.275348035863920426e-01
7.790000000000000000e+02 5.266602328375866726e-01
7.800000000000000000e+02 5.257882220464702439e-01
7.810000000000000000e+02 5.249141873303360128e-01
7.820000000000000000e+02 5.240427213514514682e-01
7.830000000000000000e+02 5.231692376486287710e-01
7.840000000000000000e+02 5.222983269119281236e-01
7.850000000000000000e+02 5.214254058171016171e-01
7.860000000000000000e+02 5.205550620226948588e-01
7.870000000000000000e+02 5.196827140328165173e-01
7.880000000000000000e+02 5.188129521617486084e-01
7.890000000000000000e+02 5.179411913305027593e-01
7.900000000000000000e+02 5.170720243031460273e-01
7.910000000000000000e+02 5.162008649229634649e-01
7.920000000000000000e+02 5.153323027759115771e-01
7.930000000000000000e+02 5.144617554686625738e-01
7.940000000000000000e+02 5.135938108625927034e-01
7.950000000000000000e+02 5.127238867534227307e-01
7.960000000000000000e+02 5.118565745683552048e-01
7.970000000000000000e+02 5.109872882551654838e-01
7.980000000000000000e+02 5.101206201821564257e-01
7.990000000000000000e+02 5.092519849094525597e-01
8.000000000000000000e+02 5.083859710507393492e-01
8.010000000000000000e+02 5.075179968146110721e-01
8.020000000000000000e+02 5.066526507193690465e-01
8.030000000000000000e+02 5.057853494978812314e-01
8.040000000000000000e+02 5.049206854441042891e-01
8.050000000000000000e+02 5.040540719224055888e-01
8.060000000000000000e+02 5.031901004922008092e-01
8.070000000000000000e+02 5.023241866798735522e-01
8.080000000000000000e+02 5.014609184486156224e-01
8.090000000000000000e+02 5.005957141464749682e-01
8.100000000000000000e+02 4.997331632735093065e-01
8.110000000000000000e+02 4.988686813348189864e-01
8.120000000000000000e+02 4.980068610818672581e-01
8.130000000000000000e+02 4.971431157746024621e-01
8.140000000000000000e+02 4.962820359139114568e-01
8.150000000000000000e+02 4.954190380316912945e-01
8.160000000000000000e+02 4.945587098878597709e-01
8.170000000000000000e+02 4.936964694644414009e-01
8.180000000000000000e+02 4.928369073768347208e-01
8.190000000000000000e+02 4.919754379566022018e-01
8.200000000000000000e+02 4.911166539209984583e-01
8.210000000000000000e+02 4.902559688994002629e-01
8.220000000000000000e+02 4.893979722944363786e-01
8.230000000000000000e+02 4.885380814664207483e-01
8.240000000000000000e+02 4.876808844563363943e-01
8.250000000000000000e+02 4.868217984294698764e-01
8.260000000000000000e+02 4.859654150344314694e-01
8.270000000000000000e+02 4.851071476893153434e-01
8.280000000000000000e+02 4.842515885986487523e-01
8.290000000000000000e+02 4.833941521374092165e-01
8.300000000000000000e+02 4.825394267853169161e-01
8.310000000000000000e+02 4.816828303733303729e-01
8.320000000000000000e+02 4.808289516501604299e-01
8.330000000000000000e+02 4.799732066545061571e-01
8.340000000000000000e+02 4.791201877877995230e-01
8.350000000000000000e+02 4.782653079673838681e-01
8.360000000000000000e+02 4.774131585118122634e-01
8.370000000000000000e+02 4.765591547473406742e-01
8.380000000000000000e+02 4.757078845845357784e-01
8.390000000000000000e+02 4.748547658568020857e-01
8.400000000000000000e+02 4.740043883067721064e-01
8.410000000000000000e+02 4.731521667354537386e-01
8.420000000000000000e+02 4.723026938740728098e-01
8.430000000000000000e+02 4.714513826222538340e-01
8.440000000000000000e+02 4.706028232153094404e-01
8.450000000000000000e+02 4.697524319267861737e-01
8.460000000000000000e+02 4.689047965593065581e-01
8.470000000000000000e+02 4.680553344610186017e-01
8.480000000000000000e+02 4.672086364593680541e-01
8.490000000000000000e+02 4.663601162240935682e-01
8.500000000000000000e+02 4.655143663332492188e-01
8.510000000000000000e+02 4.646668001268369763e-01
8.520000000000000000e+02 4.638220067715562722e-01
8.530000000000000000e+02 4.629754032764035188e-01
8.540000000000000000e+02 4.621315778135862695e-01
8.550000000000000000e+02 4.612859468326435675e-01
8.560000000000000000e+02 4.604431021249463796e-01
8.570000000000000000e+02 4.595984565293449453e-01
8.580000000000000000e+02 4.587566020213560969e-01
8.590000000000000000e+02 4.579129527250137555e-01
8.600000000000000000e+02 4.570720969594290195e-01
8.610000000000000000e+02 4.562294520914710327e-01
8.620000000000000000e+02 4.553896070633648430e-01
8.630000000000000000e+02 4.545479771656300572e-01
8.640000000000000000e+02 4.537091548456742007e-01
8.650000000000000000e+02 4.528685525448836180e-01
8.660000000000000000e+02 4.520307613066865127e-01
8.670000000000000000e+02 4.511911962019137801e-01
8.680000000000000000e+02 4.503544450841227009e-01
8.690000000000000000e+02 4.495159252086649571e-01
8.700000000000000000e+02 4.486802265335803064e-01
8.710000000000000000e+02 4.478427631312128510e-01
8.720000000000000000e+02 4.470081276709874651e-01
8.730000000000000000e+02 4.461717326772540737e-01
8.740000000000000000e+02 4.453381681138857129e-01
8.750000000000000000e+02 4.445028499497122865e-01
8.760000000000000000e+02 4.436703660397113835e-01
8.770000000000000000e+02 4.428361330576611188e-01
8.780000000000000000e+02 4.420047420218617407e-01
8.790000000000000000e+02 4.411716059375550558e-01
8.800000000000000000e+02 4.403413172209298398e-01
8.810000000000000000e+02 4.395092889124752600e-01
8.820000000000000000e+02 4.386801099576746465e-01
8.830000000000000000e+02 4.378491969737592360e-01
8.840000000000000000e+02 4.370211382773331321e-01
8.850000000000000000e+02 4.361913495805157526e-01
8.860000000000000000e+02 4.353644227978431536e-01
8.870000000000000000e+02 4.345357701970475883e-01
8.880000000000000000e+02 4.337099835168881645e-01
8.890000000000000000e+02 4.328824766158325676e-01
8.900000000000000000e+02 4.320578376768041684e-01
8.910000000000000000e+02 4.312314835648232147e-01
8.920000000000000000e+02 4.304080034221797191e-01
8.930000000000000000e+02 4.295828117817624414e-01
8.940000000000000000e+02 4.287605011154261292e-01
8.950000000000000000e+02 4.279364833956613712e-01
8.960000000000000000e+02 4.271153493924144118e-01
8.970000000000000000e+02 4.262925138949744119e-01
8.980000000000000000e+02 4.254725647228150831e-01
8.990000000000000000e+02 4.246509185159417776e-01
9.000000000000000000e+02 4.238321654405232120e-01
9.010000000000000000e+02 4.230117188357727653e-01
9.020000000000000000e+02 4.221941712844448635e-01
9.030000000000000000e+02 4.213749349318381965e-01
9.040000000000000000e+02 4.205585994760084878e-01
9.050000000000000000e+02 4.197405805406304036e-01
9.060000000000000000e+02 4.189254660456263046e-01
9.070000000000000000e+02 4.181086719533650964e-01
9.080000000000000000e+02 4.172947894494966614e-01
9.090000000000000000e+02 4.164792308693409106e-01
9.100000000000000000e+02 4.156665884405091882e-01
9.110000000000000000e+02 4.148522748840324792e-01
9.120000000000000000e+02 4.140408789300239478e-01
9.130000000000000000e+02 4.132278167515405221e-01
9.140000000000000000e+02 4.124176768075173971e-01
9.150000000000000000e+02 4.116058740381207115e-01
9.160000000000000000e+02 4.107970004446270806e-01
9.170000000000000000e+02 4.099864677141836777e-01
9.180000000000000000e+02 4.091788673247316321e-01
9.190000000000000000e+02 4.083696128335783104e-01
9.200000000000000000e+02 4.075632922925070956e-01
9.210000000000000000e+02 4.067553220077126941e-01
9.220000000000000000e+02 4.059502913061750484e-01
9.230000000000000000e+02 4.051436139357406652e-01
9.240000000000000000e+02 4.043398823520046315e-01
9.250000000000000000e+02 4.035345080456731459e-01
9.260000000000000000e+02 4.027320814987068176e-01
9.270000000000000000e+02 4.019280171740786667e-01
9.280000000000000000e+02 4.011269028635464640e-01
9.290000000000000000e+02 4.003241545414618074e-01
9.300000000000000000e+02 3.995243625603198678e-01
9.310000000000000000e+02 3.987229395121664188e-01
9.320000000000000000e+02 3.979244778605218191e-01
9.330000000000000000e+02 3.971243893596337338e-01
9.340000000000000000e+02 3.963272634448605225e-01
9.350000000000000000e+02 3.955285153519795260e-01
9.360000000000000000e+02 3.947327330784419774e-01
9.370000000000000000e+02 3.939353318444562824e-01
9.380000000000000000e+02 3.931409029858837778e-01
9.390000000000000000e+02 3.923448581741068586e-01
9.400000000000000000e+02 3.915517894374958563e-01
9.410000000000000000e+02 3.907571091735889679e-01
9.420000000000000000e+02 3.899654059254435978e-01
9.430000000000000000e+02 3.891720953948844541e-01
9.440000000000000000e+02 3.883817662085229938e-01
9.450000000000000000e+02 3.875898325352834517e-01
9.460000000000000000e+02 3.868008864636198196e-01
9.470000000000000000e+02 3.860103391316259125e-01
9.480000000000000000e+02 3.852227817798482556e-01
9.490000000000000000e+02 3.844336276765218385e-01
9.500000000000000000e+02 3.836474648011087840e-01
9.510000000000000000e+02 3.828597089027141465e-01
9.520000000000000000e+02 3.820749495376603577e-01
9.530000000000000000e+02 3.812885997091534085e-01
9.540000000000000000e+02 3.805052518863579758e-01
9.550000000000000000e+02 3.797203171381685061e-01
9.560000000000000000e+02 3.789383857238568520e-01
9.570000000000000000e+02 3.781548718154502664e-01
9.580000000000000000e+02 3.773743632678051574e-01
9.590000000000000000e+02 3.765922754296183173e-01
9.600000000000000000e+02 3.758131989083684510e-01
9.610000000000000000e+02 3.750325456313871042e-01
9.620000000000000000e+02 3.742549080099906167e-01
9.630000000000000000e+02 3.734756974948165165e-01
9.640000000000000000e+02 3.726995033669115998e-01
9.650000000000000000e+02 3.719217405368620000e-01
9.660000000000000000e+02 3.711469971991026573e-01
9.670000000000000000e+02 3.703706879132049878e-01
9.680000000000000000e+02 3.695974042590402520e-01
9.690000000000000000e+02 3.688225573638130861e-01
9.700000000000000000e+02 3.680507391623494828e-01
9.710000000000000000e+02 3.672773618381021121e-01
9.720000000000000000e+02 3.665070138921106002e-01
9.730000000000000000e+02 3.657351106442632283e-01
9.740000000000000000e+02 3.649662410284861824e-01
9.750000000000000000e+02 3.641958185610246757e-01
9.760000000000000000e+02 3.634284355328580851e-01
9.770000000000000000e+02 3.626595026782039044e-01
9.780000000000000000e+02 3.618936111384618570e-01
9.790000000000000000e+02 3.611261740142043264e-01
9.800000000000000000e+02 3.603617793804181901e-01
9.810000000000000000e+02 3.595958425386151514e-01
9.820000000000000000e+02 3.588329534213240968e-01
9.830000000000000000e+02 3.580685244303231651e-01
9.840000000000000000e+02 3.573071481765887070e-01
9.850000000000000000e+02 3.565442354600130148e-01
9.860000000000000000e+02 3.557843764744381687e-01
9.870000000000000000e+02 3.550229852207921755e-01
9.880000000000000000e+02 3.542646497880652667e-01
9.890000000000000000e+02 3.535047850171384454e-01
9.900000000000000000e+02 3.527479819085394541e-01
9.910000000000000000e+02 3.519896518738289126e-01
9.920000000000000000e+02 3.512343874001502830e-01
9.930000000000000000e+02 3.504775997737062943e-01
9.940000000000000000e+02 3.497238782781268984e-01
9.950000000000000000e+02 3.489686376015028735e-01
9.960000000000000000e+02 3.482164662868602600e-01
9.970000000000000000e+02 3.474627783433040240e-01
9.980000000000000000e+02 3.467121657069880403e-01
9.990000000000000000e+02 3.459600390928478930e-01
1.000000000000000000e+03 3.452109904540304752e-01
